hjw003.jpg 0,29,89,121 11,49,14,45,11,45,27,45,27,45,40,65,32,66,35,105,35,103,17,128,6,129,59,123,48,119,7,139,3,134,59,148,54,148,
hjw004.jpg 9,34,89,120 85,49,85,45,83,45,69,45,70,45,65,67,57,64,62,105,62,106,76,125,79,127,49,117,38,121,95,134,90,141,42,141,42,145,
hjw005.jpg 0,26,114,148 85,81,87,76,85,78,96,75,96,75,101,92,96,92,93,75,93,81,98,70,93,70,76,129,77,126,45,100,45,100,17,127,19,127,
hjw006.jpg 12,25,111,148 36,80,36,77,35,77,30,75,22,75,27,92,19,92,27,74,22,86,28,72,24,72,47,126,47,129,76,100,76,100,102,128,104,128,
hjw007.jpg 0,6,125,170 78,23,83,20,76,20,95,20,74,21,102,43,74,44,81,50,48,50,57,48,19,48,114,98,93,98,88,124,60,122,109,163,74,158,
hjw008.jpg 0,10,119,161 46,25,47,20,41,20,51,21,29,21,47,43,23,43,80,50,44,50,105,46,71,46,31,100,9,100,64,122,36,125,49,159,13,165,
hjw009.jpg 3,44,129,146 117,130,121,133,121,130,121,141,121,139,106,145,103,136,126,150,126,153,121,145,124,138,62,139,62,138,40,110,40,110,26,141,31,139,
hjw010.jpg 0,47,128,143 17,131,16,130,14,133,16,134,14,140,33,136,32,143,12,140,8,151,12,146,14,149,72,137,74,140,92,109,96,109,108,142,108,140,
hjw011.jpg 11,17,127,161 40,74,40,70,37,70,37,72,30,74,42,92,25,97,62,94,19,92,49,77,25,75,70,129,60,136,108,104,100,107,136,136,136,137,
hjw012.jpg 1,21,123,157 96,73,100,71,96,70,108,74,96,71,113,96,94,92,118,94,74,94,112,74,86,78,79,133,71,130,36,107,30,104,1,135,1,130,
hjw013.jpg 0,34,140,231 40,70,46,62,35,62,64,62,33,67,85,94,38,96,52,98,5,103,17,103,1,103,106,166,70,168,71,190,31,188,97,260,50,255,
hjw014.jpg 0,32,140,241 99,69,105,64,93,62,106,67,73,64,99,99,52,94,114,99,89,102,120,99,120,104,68,167,29,165,106,190,68,192,89,250,42,257,
hjw015.jpg 51,45,98,125 79,91,79,87,76,87,80,86,70,85,61,106,59,104,78,76,78,73,71,81,64,77,100,143,97,137,135,99,136,100,146,147,57,100,
hjw016.jpg 1,43,99,127 72,93,73,87,71,89,83,85,69,86,94,103,97,106,76,73,76,74,91,78,71,74,53,136,50,139,16,99,17,99,1,127,1,127,
hjw017.jpg 0,4,103,173 37,16,40,14,37,14,48,16,37,16,54,32,37,34,30,31,17,31,1,27,1,27,50,81,37,83,52,124,40,124,58,166,41,160,
hjw018.jpg 53,4,102,174 116,16,118,14,113,14,118,14,105,14,118,34,101,33,139,31,125,29,153,27,147,25,118,85,105,81,115,123,101,125,112,161,95,167,
hjw019.jpg 0,43,156,244 0,78,0,70,0,73,6,68,8,68,36,114,26,114,39,192,39,192,30,256,32,241,112,200,104,205,8,205,8,205,106,266,134,248,
hjw020.jpg 0,41,156,250 153,74,153,72,153,72,145,67,147,67,110,100,117,108,110,197,114,192,119,254,125,259,34,207,41,207,145,207,145,207,21,246,54,259,
hjw021.jpg 0,42,145,192 0,90,4,80,0,84,26,82,26,82,50,112,38,110,58,178,36,160,18,196,16,194,110,176,88,174,42,202,30,194,104,208,106,200,
hjw022.jpg 16,40,146,194 159,88,159,82,157,82,133,82,135,82,119,110,109,110,123,161,101,177,143,193,141,197,70,171,46,175,121,199,117,199,54,199,56,209,
hjw023.jpg 31,0,115,131 88,23,91,20,88,20,101,21,88,21,109,35,96,35,83,35,80,39,56,34,56,34,130,80,115,76,99,77,82,76,115,115,96,111,
hjw024.jpg 17,0,113,131 71,23,71,20,68,20,71,20,59,21,64,36,51,35,87,36,79,35,111,32,109,32,46,80,27,80,78,76,60,77,64,111,45,115,
hjw025.jpg 0,34,171,265 128,86,128,75,118,75,78,78,80,75,114,130,54,130,149,69,33,47,92,50,85,58,152,254,114,271,163,238,166,207,168,224,149,296,
hjw026.jpg 0,43,171,276 168,89,168,83,166,77,142,71,142,74,130,126,114,109,144,192,168,137,168,247,166,89,106,221,83,227,156,261,156,298,57,258,59,270,
hjw027.jpg 0,37,171,265 40,86,52,75,42,78,90,75,90,72,114,128,54,128,137,50,21,70,123,117,76,59,61,274,23,266,0,210,2,213,9,296,2,299,
hjw028.jpg 0,49,171,274 0,86,4,77,0,80,28,74,28,77,49,108,30,123,0,140,26,191,9,117,2,248,90,228,54,223,11,300,7,265,118,268,92,263,
hjw029.jpg 3,0,130,123 95,58,100,56,96,55,111,60,109,61,113,85,107,79,113,55,113,53,122,62,125,76,57,110,57,107,17,65,8,120,3,102,3,102,
hjw030.jpg 42,0,125,123 76,58,74,55,71,56,61,60,59,60,68,80,59,84,59,53,61,55,48,60,48,61,113,106,111,108,154,64,154,64,125,120,165,102,
hjw031.jpg 35,25,92,122 87,59,89,56,88,56,97,59,97,59,101,73,101,72,73,80,105,51,51,77,100,51,119,111,116,106,88,91,89,91,102,122,101,124,
hjw032.jpg 37,40,78,104 74,60,77,58,76,58,82,60,82,61,83,69,89,68,65,74,87,51,48,72,83,51,106,96,106,95,81,102,81,101,91,126,91,126,
hjw033.jpg 48,27,92,122 86,60,85,57,83,57,76,60,77,60,73,72,74,72,99,79,100,80,120,76,122,76,56,107,53,109,82,90,85,90,71,123,71,122,
hjw034.jpg 56,39,81,108 98,60,97,59,96,59,89,60,92,60,86,67,92,69,84,55,108,75,87,55,126,71,67,94,68,96,90,103,93,102,81,126,83,126,
hjw035.jpg 0,9,178,404 84,38,81,30,79,30,54,34,56,34,59,80,49,84,89,105,42,143,37,189,54,206,66,211,66,215,59,303,56,299,51,366,51,396,
hjw036.jpg 0,0,178,421 93,35,98,30,96,26,121,35,118,35,128,83,116,78,133,144,135,144,123,206,131,188,111,206,108,206,121,298,116,298,126,394,121,363,
hjw037.jpg 6,30,176,262 172,79,174,70,164,70,135,70,135,70,152,122,120,120,172,171,157,191,179,212,128,248,86,201,59,212,160,158,142,272,128,248,52,245,
hjw038.jpg 0,27,174,257 7,80,16,69,7,69,45,69,4,67,62,118,29,123,24,190,7,176,0,233,58,251,118,214,89,201,33,273,19,158,128,246,53,251,
hjw039.jpg 0,5,154,177 102,69,109,67,102,67,121,73,102,71,121,97,96,95,145,62,79,71,128,78,102,73,77,145,64,141,36,100,27,95,0,143,0,135,
hjw040.jpg 28,5,157,177 82,71,82,67,75,67,84,71,62,73,86,95,62,95,106,71,41,64,82,71,58,75,121,145,106,141,158,95,147,100,182,135,182,143,
hjw041.jpg 41,72,147,225 175,118,175,111,171,111,149,111,149,111,151,149,110,144,167,203,124,207,185,250,167,177,108,212,79,222,165,261,161,219,90,254,96,259,
hjw042.jpg 0,76,147,218 12,119,16,112,12,112,38,112,36,110,77,146,34,148,63,207,22,198,20,175,0,253,108,221,81,212,26,219,22,262,89,257,89,255,
hjw043.jpg 56,62,74,100 77,77,78,74,76,75,86,72,75,75,93,84,83,83,97,74,87,72,88,70,82,66,108,120,95,119,88,125,74,120,102,153,88,143,
hjw044.jpg 36,13,106,143 81,30,84,29,81,29,91,29,83,30,94,44,83,41,106,27,74,33,96,27,83,30,93,80,84,81,99,111,87,111,102,144,84,139,
hjw045.jpg 46,26,96,129 83,32,86,30,83,30,94,32,83,31,96,46,87,46,103,32,82,34,100,39,96,27,98,83,88,85,100,117,91,116,103,153,91,145,
hjw046.jpg 57,61,76,102 110,76,111,75,108,74,110,75,101,72,103,85,92,85,107,74,90,73,106,63,95,71,91,117,79,118,111,121,99,125,98,143,85,154,
hjw047.jpg 46,16,104,138 105,31,106,28,103,28,102,31,95,30,105,43,92,44,113,34,80,27,108,31,92,27,103,80,93,79,100,110,89,110,102,138,85,142,
hjw048.jpg 40,21,106,142 103,32,103,29,101,29,103,32,93,31,101,47,90,47,104,37,84,31,103,38,87,38,98,84,88,84,95,115,87,117,95,145,84,151,
hjw051.jpg 11,16,197,262 202,43,205,37,202,35,186,37,191,40,183,100,153,81,161,179,131,179,169,234,166,242,104,217,65,217,197,250,175,253,84,275,73,275,
hjw052.jpg 0,13,189,260 0,45,2,37,0,50,13,40,15,40,55,80,23,105,73,175,47,178,42,240,36,229,139,216,102,218,7,256,7,256,149,254,42,251,
hjw053.jpg 58,15,124,165 123,32,128,28,121,28,138,30,120,30,149,51,120,49,133,52,95,51,107,47,76,47,163,100,138,99,140,114,106,112,157,161,116,157,
hjw054.jpg 32,17,120,160 90,32,92,28,85,28,93,28,73,30,93,48,62,50,117,52,78,52,135,48,105,47,73,102,50,102,107,112,72,115,95,158,53,160,
hjw055.jpg 22,0,178,180 157,31,165,30,157,28,177,31,155,31,185,67,157,50,197,61,133,33,185,41,155,28,148,136,138,120,101,108,88,97,51,153,44,142,
hjw056.jpg 4,0,174,180 54,31,57,28,49,30,57,30,33,31,57,50,23,63,78,33,16,61,57,28,28,41,76,118,64,138,124,95,112,110,168,142,163,151,
hjw057.jpg 18,0,198,180 177,82,183,80,177,80,196,84,194,86,196,112,177,108,191,90,166,108,194,88,185,93,144,151,139,150,95,106,95,106,45,146,45,146,
hjw058.jpg 12,0,192,180 52,82,46,78,44,80,41,86,33,86,52,110,30,114,60,106,36,88,41,95,14,86,94,150,86,153,134,105,134,106,182,150,182,146,
hjw059.jpg 10,0,215,213 48,64,48,59,42,57,57,66,21,62,54,93,30,104,60,48,10,55,54,59,15,17,117,142,105,157,156,71,171,102,222,157,222,159,
hjw060.jpg 4,0,222,213 185,64,192,59,182,59,213,64,216,66,201,102,179,93,222,57,173,59,222,51,179,84,124,157,111,142,65,102,62,99,13,164,10,164,
hjw061.jpg 14,25,212,282 93,54,99,45,96,48,117,54,117,54,122,92,125,89,125,145,131,145,117,192,111,186,143,183,137,177,81,227,93,221,131,286,134,277,
hjw062.jpg 14,25,210,280 145,54,142,48,139,48,121,54,121,54,119,92,116,92,116,147,110,147,124,185,121,191,98,179,95,182,142,229,156,226,101,281,104,293,
hjw063.jpg 45,0,185,140 109,14,109,10,101,10,116,10,86,13,122,33,73,33,152,8,57,14,114,1,78,2,134,93,101,109,173,61,129,64,214,115,181,122,
hjw064.jpg 17,0,170,140 130,16,137,10,130,10,151,13,130,11,168,36,118,33,184,16,87,10,161,4,120,2,132,115,99,93,106,62,66,62,59,119,26,112,
hjw065.jpg 77,11,163,166 126,81,122,81,122,81,110,85,115,83,101,114,110,107,110,80,117,81,86,73,95,71,126,163,138,159,176,121,181,121,210,164,212,164,
hjw066.jpg 77,11,163,166 126,81,122,81,122,81,110,85,115,83,101,114,110,107,110,80,117,81,86,73,95,71,126,163,138,159,176,121,181,121,210,164,212,164,
hjw067.jpg 6,12,160,165 117,80,119,77,119,79,134,87,132,85,132,106,139,115,126,82,126,79,139,75,123,79,106,159,114,163,61,122,61,122,30,164,32,161,
hjw068.jpg 6,12,160,165 117,80,119,77,119,79,134,87,132,85,132,106,139,115,126,82,126,79,139,75,123,79,106,159,114,163,61,122,61,122,30,164,32,161,
hjw069.jpg 28,18,215,277 126,75,132,67,120,67,156,64,120,67,180,104,123,98,141,116,84,121,84,116,57,116,216,179,168,179,183,194,123,196,201,280,141,274,
hjw070.jpg 2,19,217,276 119,73,122,67,113,67,125,65,89,65,125,99,65,99,164,119,101,116,188,119,161,116,77,177,29,177,122,197,59,194,104,272,41,280,
hjw073.jpg 0,42,256,616 53,80,67,67,53,67,103,74,103,74,131,151,46,170,156,260,35,260,64,266,24,273,103,362,56,369,88,555,71,516,81,651,85,645,
hjw074.jpg 0,53,256,595 199,77,199,71,188,71,195,77,149,77,209,164,124,152,224,263,92,257,227,276,199,269,195,362,149,356,181,524,163,548,160,641,170,641,
hjw075.jpg 59,0,117,113 150,27,153,25,151,24,161,30,163,30,150,51,150,48,119,51,117,50,93,51,93,50,130,96,135,91,104,61,104,60,81,101,75,95,
hjw076.jpg 55,0,157,76 140,43,148,42,150,42,148,46,185,45,140,61,194,63,164,54,142,43,192,47,192,50,72,63,142,56,107,5,146,56,164,56,74,56,
hjw077.jpg 82,0,117,113 106,25,103,23,103,25,95,31,95,30,103,51,104,52,135,49,135,51,163,51,163,51,121,96,127,97,153,61,151,60,181,94,176,100,
hjw079.jpg 43,43,194,258 104,67,110,61,107,61,129,72,129,69,126,110,140,104,80,145,86,145,75,110,78,110,185,193,188,190,118,198,126,206,150,276,153,268,
hjw080.jpg 19,39,200,268 155,66,149,61,146,61,130,72,130,72,119,106,127,108,174,142,177,145,180,108,182,108,71,184,71,186,130,206,141,200,102,273,110,276,
hjw081.jpg 0,9,251,305 177,120,184,113,181,110,212,123,237,139,223,174,216,174,209,94,205,94,237,132,237,139,94,250,83,244,20,148,24,161,0,231,0,237,
hjw082.jpg 20,12,241,302 83,122,80,112,76,112,80,115,30,134,70,175,40,181,120,238,46,96,23,118,23,118,170,238,163,244,240,150,240,150,257,238,257,225,
hjw083.jpg 0,1,246,292 187,110,198,107,191,104,218,107,232,110,228,162,205,140,222,122,170,95,232,95,205,104,133,241,123,238,61,159,64,159,0,226,0,226,
hjw084.jpg 25,7,231,286 73,111,73,105,63,105,41,111,41,111,60,141,41,164,85,93,37,123,47,114,28,96,137,227,127,242,198,155,201,155,252,221,252,215,
hjw085.jpg 10,0,260,180 215,58,223,54,223,50,237,63,244,63,241,95,241,86,165,90,158,80,212,58,212,60,172,161,168,135,75,67,78,67,28,161,28,161,
hjw086.jpg 10,0,251,180 55,61,58,52,51,48,34,60,34,61,34,86,34,95,104,76,107,84,55,56,58,58,104,138,104,161,173,65,194,67,247,161,243,161,
hjw087.jpg 51,14,205,244 170,80,176,77,170,75,193,82,193,82,196,120,181,95,139,118,136,92,88,113,93,85,230,197,216,184,173,237,167,219,187,255,221,85,
hjw088.jpg 51,14,205,244 170,80,176,77,170,75,193,82,193,82,196,120,181,95,139,118,136,92,88,113,93,85,230,197,216,184,173,237,167,219,187,255,221,85,
hjw089.jpg 51,14,205,244 170,80,176,77,170,75,193,82,193,82,196,120,181,95,139,118,136,92,88,113,93,85,230,197,216,184,173,237,167,219,187,255,221,85,
hjw090.jpg 24,13,203,245 105,79,105,74,100,76,80,81,83,81,91,97,77,120,139,92,136,117,184,87,187,112,60,186,43,199,105,219,102,237,91,255,77,255,
hjw091.jpg 24,13,203,245 105,79,105,74,100,76,80,81,83,81,91,97,77,120,139,92,136,117,184,87,187,112,60,186,43,199,105,219,102,237,91,255,77,255,
hjw092.jpg 24,13,203,245 105,79,105,74,100,76,80,81,83,81,91,97,77,120,139,92,136,117,184,87,187,112,60,186,43,199,105,219,102,237,91,255,77,255,
hjw095.jpg 17,0,230,180 176,41,183,35,176,35,211,39,211,39,215,73,202,75,208,35,192,48,208,52,192,43,167,146,167,135,109,90,116,65,58,146,68,140,
hjw096.jpg 49,0,218,180 106,41,106,35,100,35,79,37,76,37,85,75,64,78,70,110,76,33,94,127,61,1,118,138,121,148,170,67,167,67,224,146,224,146,
hjw097.jpg 19,0,231,190 217,59,224,61,221,57,221,77,211,57,211,89,179,65,246,96,185,51,243,93,198,71,134,102,118,81,96,67,73,49,60,128,41,114,
hjw098.jpg 22,0,245,190 66,59,66,57,59,61,73,57,62,77,100,67,73,91,96,53,32,96,79,71,52,87,164,87,151,102,209,47,188,69,239,112,222,130,
hjw099.jpg 90,29,108,145 132,44,135,41,132,42,142,44,132,42,145,57,135,57,151,42,130,47,145,42,142,42,145,96,138,96,148,128,139,127,151,163,139,155,
hjw100.jpg 109,66,76,103 122,77,124,75,122,75,133,76,132,76,141,88,132,90,148,112,141,115,148,130,147,128,168,113,155,115,152,131,136,129,159,163,141,157,
hjw101.jpg 92,30,108,145 158,43,159,42,156,42,156,43,147,43,156,58,146,57,159,49,140,42,159,45,143,48,153,94,146,94,152,126,141,129,150,155,137,162,
hjw102.jpg 106,67,76,102 168,77,168,75,166,74,157,75,157,76,161,88,149,88,152,107,142,106,142,126,141,127,138,114,125,112,153,129,138,131,149,157,131,164,
hjw103.jpg 4,0,244,180 200,86,207,86,203,82,220,99,224,101,203,123,193,106,220,150,217,133,224,114,220,110,109,125,105,112,54,67,58,65,20,135,17,133,
hjw104.jpg 38,0,244,180 92,86,85,82,82,86,68,99,68,99,95,110,88,125,78,116,68,148,61,120,68,116,180,112,180,125,234,65,234,67,271,133,271,135,
hjw106.jpg 20,0,235,220 65,105,65,100,55,110,75,100,52,121,101,112,85,142,104,71,26,139,82,100,55,126,173,103,166,126,228,41,228,38,245,98,228,45,
hjw108.jpg 35,0,246,220 226,105,236,110,226,100,240,121,216,100,212,142,192,110,267,139,185,71,236,128,209,100,123,126,120,103,62,41,62,34,69,52,48,116,
hjw109.jpg 33,0,246,133 87,33,74,40,74,42,74,42,56,49,84,56,80,54,67,8,74,8,56,38,60,37,162,54,156,70,231,29,227,41,275,74,275,77,
hjw110.jpg 24,0,238,133 232,34,232,31,228,31,232,47,222,31,219,51,185,0,219,9,209,22,235,38,235,38,136,66,129,55,66,44,63,30,24,77,24,76,
hjw111.jpg 16,0,282,180 243,65,251,58,251,50,262,65,266,65,266,95,266,86,184,86,204,73,239,58,251,60,200,161,188,135,98,67,102,65,47,161,51,161,
hjw112.jpg 10,0,277,180 52,48,52,35,52,37,10,60,44,41,21,90,33,95,110,78,110,82,60,60,60,58,110,140,110,163,190,63,198,67,240,161,248,161,
hjw113.jpg 30,0,215,133 230,38,233,38,236,36,239,48,224,33,227,58,224,55,179,30,170,33,215,27,212,30,182,98,146,103,128,26,101,18,89,103,62,87,
hjw114.jpg 23,0,250,144 213,49,220,48,210,43,231,49,200,45,231,85,182,57,269,69,158,36,245,54,196,33,182,108,130,112,85,25,120,36,71,106,71,114,
hjw115.jpg 28,0,213,200 51,120,48,120,48,125,48,122,51,135,72,125,69,141,36,154,36,156,42,131,42,135,140,127,137,141,175,91,178,91,202,145,202,145,
hjw116.jpg 58,0,212,133 63,36,63,33,105,30,75,26,90,34,72,48,72,54,122,34,119,30,81,29,87,27,134,81,128,91,196,18,172,24,237,88,208,105,
hjw117.jpg 30,0,246,144 88,51,91,43,77,46,98,45,67,49,115,57,30,70,142,36,30,69,105,34,53,54,166,96,122,108,211,28,183,34,231,117,245,97,
hjw118.jpg 58,0,208,200 245,118,251,125,248,120,248,135,248,120,231,141,219,122,263,154,170,125,257,137,254,129,159,139,159,129,121,89,121,89,95,147,104,145,
hjw119.jpg 27,116,263,326 154,183,154,177,151,177,129,180,129,183,125,214,125,221,198,221,195,224,246,217,249,217,59,312,59,316,143,312,151,312,121,387,107,404,
hjw120.jpg 8,113,271,329 143,184,151,178,147,178,169,184,169,181,177,222,173,215,105,226,109,222,53,219,49,219,245,318,233,315,151,315,154,308,192,407,181,387,
hjw121.jpg 28,0,254,111 257,77,267,79,267,79,211,97,264,75,179,95,211,67,236,89,250,74,73,75,250,78,137,74,137,64,102,16,112,18,70,78,70,78,
hjw122.jpg 15,0,266,111 59,75,40,69,51,77,48,69,48,95,66,83,55,84,44,68,51,100,51,64,188,32,155,74,162,83,107,63,196,15,218,82,232,80,
hjw123.jpg 7,0,232,177 168,0,174,0,168,0,193,0,161,0,200,40,161,31,200,1,103,25,226,0,87,0,126,129,119,118,52,62,52,62,7,118,7,116,
hjw124.jpg 58,0,247,177 140,0,143,0,130,0,143,0,109,0,147,31,106,40,202,25,102,1,219,0,88,0,191,112,174,130,253,57,256,62,301,118,301,118,
hjw127.jpg 77,27,232,304 154,150,144,144,141,147,115,163,112,160,160,204,141,229,196,201,112,207,83,150,112,172,270,191,270,226,305,131,305,131,305,185,305,172,
hjw128.jpg 0,22,243,309 158,150,168,147,165,144,195,160,195,160,168,228,162,205,195,208,108,215,195,170,124,176,33,221,37,202,0,186,0,131,0,176,121,176,
hjw129.jpg 39,0,215,120 224,50,224,50,227,52,236,45,233,41,221,61,230,53,227,33,239,40,224,23,230,26,179,93,143,97,104,21,110,18,77,85,74,90,
hjw130.jpg 58,0,204,120 97,30,80,38,89,41,77,43,97,41,97,65,94,63,171,101,92,43,103,46,89,28,171,92,157,80,208,18,208,22,239,86,233,85,
hjw131.jpg 33,0,253,190 233,41,243,41,236,39,250,69,250,65,226,87,222,73,254,55,215,95,250,65,233,61,127,96,127,85,64,59,64,59,33,130,85,108,
hjw132.jpg 33,0,276,190 82,41,75,39,71,41,75,53,67,53,113,71,94,89,121,61,63,51,67,65,59,65,182,83,186,96,243,59,251,59,274,124,282,126,
hjw134.jpg 0,0,306,218 17,129,12,129,12,136,12,149,17,152,0,81,46,158,93,74,8,179,8,163,12,158,153,143,59,133,161,79,131,129,293,143,301,163,
hjw135.jpg 62,0,207,218 76,136,70,138,70,143,82,136,73,156,108,138,105,161,145,124,151,147,182,111,185,120,185,143,182,154,208,95,211,99,237,147,243,163,
hjw136.jpg 0,0,306,218 17,129,12,129,12,136,12,149,17,152,0,81,46,158,93,74,8,179,8,163,12,158,153,143,59,133,161,79,131,129,293,143,301,163,
hjw137.jpg 33,0,223,217 240,133,246,137,243,133,243,153,243,153,218,158,212,144,187,176,159,135,153,187,153,187,132,158,129,144,135,90,135,85,63,92,70,88,
hjw138.jpg 11,0,301,218 295,129,307,131,307,127,303,149,307,127,295,124,303,90,207,90,228,99,307,158,178,88,299,118,299,97,169,131,161,88,19,156,11,79,
hjw139.jpg 44,0,220,218 245,136,248,140,248,138,245,156,245,138,215,156,209,138,172,147,175,129,135,120,141,111,135,154,141,143,105,109,111,93,71,161,65,154,
hjw140.jpg 11,0,301,218 295,129,307,131,307,127,303,149,307,127,295,124,303,90,207,90,228,99,307,158,178,88,299,118,299,97,169,131,161,88,19,156,11,79,
hjw141.jpg 9,0,289,225 65,105,57,103,53,105,69,103,41,124,85,131,65,166,77,93,25,121,53,128,53,140,197,142,201,157,261,60,269,60,293,150,293,140,
hjw142.jpg 19,0,287,225 258,103,270,105,266,103,290,119,290,124,258,168,242,133,294,126,246,98,298,119,274,128,118,157,122,140,50,63,54,63,19,145,19,150,
hjw143.jpg 0,27,210,232 154,109,157,104,157,104,180,109,177,111,175,152,175,147,125,135,113,128,157,123,148,116,122,227,125,215,64,162,64,162,8,225,8,225,
hjw144.jpg 104,14,229,245 173,110,170,103,167,103,145,108,142,108,151,144,148,151,215,131,199,139,173,113,164,118,202,218,205,225,269,159,266,159,323,228,323,225,
hjw145.jpg 39,0,229,179 239,98,245,102,245,98,252,111,252,113,242,121,236,119,229,132,252,117,242,123,226,117,163,132,166,126,118,91,118,89,73,141,80,137,
hjw146.jpg 60,0,217,179 84,100,81,98,78,102,72,115,75,113,96,119,96,128,96,102,75,119,69,100,75,119,162,124,165,137,201,87,207,89,246,132,246,141,
hjw147.jpg 32,0,258,240 221,42,229,37,214,35,239,42,207,37,243,77,189,65,279,90,153,55,257,60,182,35,178,132,153,125,107,132,85,135,67,197,57,195,
hjw148.jpg 36,0,255,240 106,42,110,35,99,37,117,37,89,42,135,65,85,77,170,55,50,90,142,35,67,60,167,125,152,132,244,140,220,132,266,195,255,200,
hjw149.jpg 34,0,233,184 192,32,199,26,189,26,218,28,189,24,241,59,176,53,257,32,134,24,231,17,179,17,195,155,147,138,163,93,111,90,101,161,59,153,
hjw150.jpg 56,0,245,184 134,32,134,24,127,26,141,24,107,28,147,53,90,57,192,24,66,30,147,17,96,17,164,145,127,151,212,90,161,93,266,155,226,164,
hjw151.jpg 83,126,244,327 184,166,198,160,177,160,215,163,167,166,225,207,184,207,259,248,188,252,245,299,150,248,235,303,208,296,249,371,177,347,269,432,167,408,
hjw152.jpg 0,123,248,332 144,167,155,161,134,161,161,167,117,164,148,209,106,209,141,250,72,250,182,250,82,299,124,299,93,302,151,347,82,372,161,410,62,430,
hjw153.jpg 22,106,252,336 260,158,263,148,253,151,270,151,228,151,256,186,193,176,218,235,148,204,169,270,130,256,186,235,162,232,134,256,200,312,53,256,186,410,
hjw154.jpg 58,103,253,336 72,159,79,152,68,148,103,152,65,148,135,173,72,183,184,204,114,236,205,257,163,271,166,236,142,236,131,313,195,253,145,407,282,257,
hjw155.jpg 15,155,208,277 153,178,156,172,147,172,159,175,133,172,162,206,110,195,168,244,78,227,179,279,69,267,133,276,101,273,139,342,104,336,147,403,81,397,
hjw156.jpg 51,142,182,243 192,164,200,162,190,159,202,164,177,159,192,197,167,182,192,235,144,202,200,263,126,233,159,260,157,260,126,314,154,314,78,344,136,357,
hjw157.jpg 47,169,220,294 86,224,89,218,83,218,108,205,105,205,132,230,132,224,135,291,138,288,95,309,98,309,184,294,163,297,208,368,126,358,248,438,138,435,
hjw158.jpg 111,154,208,277 180,179,186,171,177,174,200,171,171,174,223,194,171,208,255,229,163,243,264,269,154,278,232,269,200,275,229,335,194,344,252,399,186,405,
hjw159.jpg 97,135,188,250 141,166,144,158,136,161,157,161,130,166,167,181,141,197,191,205,141,233,206,233,133,265,175,262,191,262,177,312,211,317,201,358,256,345,
hjw160.jpg 54,175,222,297 248,224,248,221,245,218,229,202,226,205,205,227,198,230,174,277,198,292,235,308,235,311,171,295,149,295,208,357,124,369,195,434,81,441,
hjw163.jpg 36,168,252,336 207,227,211,217,200,217,169,213,172,217,197,241,144,248,253,210,130,220,207,199,162,196,148,350,102,353,211,367,151,388,200,455,127,486,
hjw164.jpg 71,168,254,338 152,227,159,217,145,217,187,217,145,213,219,252,162,245,226,220,106,206,198,196,159,199,257,354,212,344,205,389,145,368,233,488,159,453,
hjw165.jpg 91,96,270,379 166,167,177,147,147,155,211,151,139,167,199,210,229,194,136,293,211,281,121,269,162,246,316,376,286,376,297,471,244,471,237,471,304,471,
hjw166.jpg 0,81,286,417 194,167,210,154,182,146,222,167,146,150,127,198,158,211,139,285,226,293,202,254,234,267,79,376,51,385,115,484,67,493,55,493,0,437,
hjw167.jpg 14,124,250,334 173,165,184,158,166,158,191,158,149,155,145,179,152,190,163,183,201,204,187,169,198,179,107,270,100,270,135,339,125,346,142,409,107,437,
hjw168.jpg 0,30,366,557 188,64,198,53,177,47,218,64,162,59,244,134,127,134,269,233,111,215,233,238,86,256,213,320,142,308,228,441,152,424,249,557,167,505,
hjw169.jpg 95,118,250,335 188,166,195,156,181,159,213,152,178,159,209,187,223,177,160,205,199,180,164,180,174,170,265,268,254,268,240,344,226,334,258,435,223,407,
hjw170.jpg 0,52,366,521 177,62,188,52,162,52,203,57,147,68,233,133,116,133,249,214,96,231,274,258,132,241,218,317,147,317,213,426,137,437,193,507,116,556,
hjw175.jpg 11,50,320,428 228,134,228,116,224,112,184,103,184,103,206,197,77,188,259,255,104,308,206,170,135,183,206,415,122,437,211,473,122,473,224,464,117,464,
hjw176.jpg 8,56,322,430 191,114,200,100,177,100,213,105,160,100,227,163,119,167,236,248,106,257,231,315,142,324,213,342,151,347,186,463,142,459,186,481,128,481,
hjw177.jpg 4,0,348,220 71,96,62,91,62,84,57,93,42,93,66,130,57,167,81,114,42,107,47,98,18,98,187,142,187,160,284,73,284,64,347,169,347,169,
hjw178.jpg 44,42,330,441 144,138,149,115,144,120,186,101,181,101,296,193,172,193,268,303,112,253,236,184,172,166,245,441,167,414,241,478,172,478,231,473,167,460,
hjw179.jpg 48,59,316,423 179,111,192,103,170,103,214,103,162,107,254,169,148,164,267,257,140,248,227,327,144,310,223,341,157,341,232,459,184,459,241,477,206,473,
hjw180.jpg 18,0,348,220 303,96,317,91,293,119,361,103,303,137,312,169,317,128,341,93,298,119,332,110,337,107,182,155,192,137,90,61,95,52,22,169,22,169,
hjw181.jpg 100,61,229,272 281,174,287,177,284,171,300,185,284,171,290,214,268,188,313,211,249,160,303,191,278,171,230,233,220,216,182,211,169,191,154,276,138,253,
hjw182.jpg 49,64,226,269 96,176,89,170,86,176,92,167,74,184,108,190,80,209,127,162,64,212,96,173,70,192,162,218,146,234,205,190,190,212,237,251,221,279,
hjw183.jpg 116,21,164,218 250,109,250,105,245,105,254,114,257,114,252,136,250,136,234,100,232,98,257,109,259,107,198,152,200,148,161,107,163,107,134,150,134,152,
hjw184.jpg 104,28,160,212 130,109,130,105,128,105,121,111,124,114,132,131,126,136,148,98,146,100,121,111,119,109,175,149,177,153,208,107,217,107,244,151,246,151,
hjw186.jpg 93,0,198,126 134,0,134,0,131,0,134,6,93,0,93,5,93,24,134,11,139,6,137,0,112,0,123,69,134,68,197,70,194,74,258,80,263,91,
hjw187.jpg 20,0,359,258 104,150,94,142,94,145,69,169,74,166,119,188,94,209,59,169,44,174,29,212,34,158,229,198,229,223,304,104,304,110,354,204,354,204,
hjw188.jpg 20,0,359,258 104,150,94,142,94,145,69,169,74,166,119,188,94,209,59,169,44,174,29,212,34,158,229,198,229,223,304,104,304,110,354,204,354,204,
hjw189.jpg 17,0,349,258 278,147,293,145,288,145,312,166,317,172,288,206,298,201,336,180,336,180,336,169,346,169,157,215,152,198,84,110,94,104,21,217,31,209,
hjw190.jpg 17,0,349,258 278,147,293,145,288,145,312,166,317,172,288,206,298,201,336,180,336,180,336,169,346,169,157,215,152,198,84,110,94,104,21,217,31,209,
hjw191.jpg 29,0,352,288 112,141,102,138,102,138,77,159,82,159,121,180,97,204,73,165,58,171,48,213,53,156,229,189,234,213,297,102,307,108,337,201,361,216,
hjw192.jpg 10,0,347,288 270,141,284,138,279,138,303,159,308,159,284,204,270,177,328,171,337,165,328,159,337,159,154,210,154,192,77,108,87,105,24,219,48,204,
hjw193.jpg 16,0,330,245 272,148,281,145,277,142,268,132,268,132,245,137,249,137,268,178,268,178,254,148,300,206,176,153,171,148,107,178,107,176,43,181,38,188,
hjw194.jpg 42,0,338,245 112,150,107,142,107,148,121,135,121,132,140,137,135,137,121,178,121,181,88,206,98,201,220,148,211,158,281,178,281,178,347,191,347,181,
hjw195.jpg 12,0,346,233 40,167,36,167,36,172,40,199,40,194,69,182,74,206,31,203,26,203,40,196,26,182,194,184,194,191,257,128,252,128,314,201,319,203,
hjw196.jpg 35,0,341,233 347,167,357,177,357,169,347,194,347,196,323,206,319,186,295,216,252,179,357,203,186,165,196,194,205,179,134,126,134,123,68,203,72,199,
hjw197.jpg 0,26,317,443 162,76,162,72,154,72,167,67,127,76,154,99,114,113,158,192,158,122,206,229,176,76,149,242,127,242,145,335,154,344,66,404,154,441,
hjw198.jpg 99,28,300,418 236,75,244,71,236,71,269,75,232,67,282,115,253,106,244,119,240,184,224,75,190,228,274,237,249,241,240,337,249,341,240,441,328,402,
hjw199.jpg 30,40,183,244 149,88,154,83,152,83,174,88,177,85,182,123,187,121,177,118,159,116,172,93,172,101,159,225,157,223,106,156,108,162,63,225,60,225,
hjw200.jpg 23,0,330,266 293,135,307,135,298,133,316,155,320,157,293,188,279,160,348,177,348,171,330,171,339,169,178,185,174,166,105,105,114,105,64,193,78,180,
hjw201.jpg 32,30,343,324 112,232,108,225,103,225,103,229,79,235,122,262,103,303,122,195,79,239,65,215,65,229,246,286,232,296,327,205,327,205,370,313,370,303,
hjw202.jpg 46,0,323,225 301,152,310,157,315,152,306,168,297,154,283,182,270,159,328,168,328,168,319,157,288,161,185,175,185,159,131,107,135,107,99,178,99,166,
hjw203.jpg 17,0,368,300 333,137,344,131,344,128,374,150,374,153,364,206,369,184,328,193,328,140,344,156,344,121,221,250,226,212,119,143,139,128,32,256,57,228,
hjw204.jpg 21,0,370,294 319,64,329,52,303,55,349,52,293,61,349,107,288,101,385,33,231,49,355,24,308,24,241,232,241,241,144,147,139,147,36,232,36,217,
hjw205.jpg 50,0,307,150 284,68,293,54,305,54,318,64,318,57,297,104,322,104,246,73,122,100,254,73,314,79,233,131,284,103,152,53,152,62,92,142,88,135,
hjw206.jpg 23,0,330,266 293,135,307,135,298,133,316,155,320,157,293,188,279,160,348,177,348,171,330,171,339,169,178,185,174,166,105,105,114,105,64,193,78,180,
hjw207.jpg 188,32,187,248 250,88,247,83,245,83,221,86,224,86,232,119,216,125,237,112,221,117,232,106,221,99,237,218,239,225,291,156,294,156,338,223,338,228,
hjw208.jpg 45,0,331,266 104,135,95,130,95,133,81,152,81,155,113,157,100,185,45,174,45,177,63,169,63,169,215,171,219,182,279,96,288,102,316,180,334,196,
hjw209.jpg 20,21,353,333 284,232,299,225,294,225,328,239,294,229,299,298,274,256,304,308,274,194,319,246,333,211,167,301,162,277,69,204,73,197,20,305,20,312,
hjw210.jpg 24,0,328,225 92,152,83,152,83,157,101,152,87,166,128,159,110,180,92,154,74,166,74,168,96,171,206,157,215,166,265,107,265,107,297,175,297,178,
hjw211.jpg 12,0,370,300 68,134,58,125,58,131,17,146,22,146,27,184,37,206,73,140,68,193,12,103,58,156,166,218,171,250,263,128,279,146,335,234,366,253,
hjw212.jpg 19,0,365,294 79,64,95,55,69,52,105,61,49,52,110,104,54,107,166,49,19,82,95,27,49,24,176,226,155,232,262,147,257,143,363,226,358,229,
hjw213.jpg 65,0,297,150 106,57,102,53,102,53,69,67,77,68,98,96,98,106,147,70,151,71,98,79,114,79,184,134,168,148,254,54,254,54,312,145,312,145,
hjw214.jpg 45,0,331,266 104,135,95,130,95,133,81,152,81,155,113,157,100,185,45,174,45,177,63,169,63,169,215,171,219,182,279,96,288,102,316,180,334,196,
hjw215.jpg 102,144,309,414 312,217,325,213,316,204,346,230,316,200,342,282,295,208,286,333,235,182,235,294,174,144,308,342,265,325,290,411,265,415,308,519,290,489,
hjw216.jpg 0,150,290,397 96,216,92,207,84,216,92,199,64,232,116,203,64,282,173,183,120,331,225,150,173,294,145,315,100,336,145,414,116,414,120,480,100,522,
hjw217.jpg 33,0,315,242 273,70,282,63,273,63,308,60,269,57,304,110,269,75,234,138,212,93,243,103,256,103,221,178,216,161,146,103,146,98,72,181,72,176,
hjw218.jpg 81,0,309,242 145,70,149,60,136,63,153,55,115,60,145,80,119,110,209,95,184,138,162,100,171,98,205,161,201,181,274,95,278,100,355,178,351,181,
hjw220.jpg 47,0,372,261 140,149,134,144,129,146,109,165,109,168,150,184,134,212,88,171,78,174,165,87,78,160,269,195,269,217,331,106,341,111,372,209,382,209,
hjw222.jpg 12,0,365,261 280,149,295,146,290,146,316,168,311,168,290,206,265,187,336,179,331,171,336,160,331,160,164,212,153,195,82,111,93,106,27,233,27,228,
hjw223.jpg 0,63,379,506 252,131,257,120,236,115,263,120,194,126,252,221,157,184,247,321,94,284,289,384,157,373,263,389,189,395,278,526,142,563,168,463,142,484,
hjw225.jpg 34,37,391,534 169,131,186,120,164,120,229,126,164,126,267,181,169,226,332,287,186,331,267,376,137,381,229,409,164,398,272,565,142,526,272,465,245,476,
hjw227.jpg 166,84,233,310 246,151,256,142,240,142,272,132,230,129,292,122,214,135,334,142,188,184,366,184,191,248,272,184,227,184,318,226,227,232,279,319,198,332,
hjw229.jpg 47,101,379,507 204,169,220,153,199,159,273,159,204,164,336,285,168,285,320,444,136,386,204,460,136,423,283,555,178,549,47,349,220,512,341,602,178,597,
hjw230.jpg 59,110,352,471 225,163,230,154,210,154,239,159,181,163,195,203,200,208,254,213,259,217,293,198,298,193,176,335,186,345,176,414,186,424,176,477,186,502,
hjw231.jpg 9,0,389,285 289,68,311,65,300,62,338,89,343,109,300,142,273,127,343,50,349,50,306,130,316,115,100,204,122,172,9,92,9,80,9,59,9,59,
hjw232.jpg 37,92,218,291 176,152,185,143,170,143,194,128,152,131,206,137,136,119,236,185,88,143,233,249,61,185,200,182,158,185,197,231,109,225,224,331,146,322,
hjw234.jpg 0,91,382,522 222,167,222,156,206,150,222,161,153,156,254,281,84,281,281,395,100,444,286,428,222,460,249,547,143,564,254,607,132,602,249,390,122,602,
hjw235.jpg 33,116,318,424 200,164,218,155,192,155,240,164,183,155,227,204,236,199,169,222,169,213,130,195,130,195,236,341,249,341,231,420,249,411,240,495,258,469,
hjw236.jpg 46,0,367,285 132,68,122,62,117,65,46,106,86,86,147,124,117,142,71,77,71,80,117,109,81,118,290,190,311,207,407,92,402,97,407,83,407,68,
hjw238.jpg 109,118,318,444 210,150,215,141,197,145,228,145,192,155,272,178,192,210,338,205,223,279,360,182,210,256,298,321,245,330,307,432,210,437,321,534,192,501,
hjw239.jpg 0,68,346,543 163,135,173,124,153,124,182,130,124,124,187,186,96,175,206,277,129,260,221,328,197,311,134,350,67,339,148,497,96,430,105,537,76,582,
hjw240.jpg 13,100,360,481 218,150,223,140,208,145,228,145,183,150,228,190,163,195,188,240,123,230,133,230,133,215,233,335,183,345,248,440,173,450,273,540,163,545,
hjw241.jpg 0,119,345,504 249,239,253,224,239,224,258,208,177,208,196,292,81,297,177,444,71,465,263,512,191,528,124,549,47,554,115,617,38,617,115,596,19,617,
hjw242.jpg 78,46,349,580 267,94,281,82,262,88,315,94,257,100,354,172,237,172,378,251,223,263,354,293,218,342,330,354,257,360,334,474,252,474,339,589,262,583,
hjw244.jpg 43,0,249,240 91,137,87,135,84,137,91,140,77,150,115,147,91,170,119,127,60,155,94,140,84,160,174,160,167,170,222,110,205,115,243,170,233,175,
hjw246.jpg 0,121,309,444 218,153,227,148,210,144,231,158,197,144,231,208,154,176,206,282,85,208,214,255,64,181,184,333,124,324,214,440,115,430,236,504,107,537,
hjw247.jpg 80,66,347,555 263,141,272,123,253,129,301,123,243,129,325,175,239,187,296,262,219,274,229,314,205,331,354,343,292,343,325,430,277,499,349,580,320,540,
hjw248.jpg 56,101,354,473 208,155,218,145,203,145,242,150,193,145,262,194,193,194,301,229,237,243,292,209,287,229,242,332,198,332,252,450,183,440,262,539,154,534,
hjw249.jpg 88,112,339,502 177,242,186,227,172,221,248,211,248,211,342,295,229,295,356,462,243,441,233,525,163,514,379,546,299,551,394,608,224,608,252,572,332,603,
hjw250.jpg 0,38,357,599 158,94,163,87,143,81,168,94,114,94,188,175,69,169,203,262,49,243,203,343,74,293,168,362,94,362,173,474,89,481,168,580,84,587,
hjw252.jpg 130,0,250,240 334,137,341,137,334,135,348,150,331,137,334,167,314,147,366,155,307,127,352,155,324,140,261,170,258,157,223,115,209,110,189,177,182,172,
hjw253.jpg 57,70,346,460 210,137,215,132,210,132,239,127,210,141,268,165,205,180,321,180,181,218,364,223,138,218,225,261,191,256,191,338,133,304,186,453,105,395,
hjw254.jpg 56,53,372,573 252,124,257,112,252,112,283,112,278,112,340,160,278,184,360,244,226,238,288,232,154,214,340,333,304,333,247,399,319,452,288,542,371,554,
hjw255.jpg 24,66,352,468 214,139,214,134,209,129,214,139,190,129,219,178,156,163,248,217,102,183,288,217,63,226,229,256,200,265,288,304,234,339,322,392,239,451,
hjw256.jpg 0,56,382,560 175,126,175,108,169,108,143,108,143,114,148,184,84,166,201,236,68,248,270,213,143,231,127,330,84,330,106,446,185,394,53,551,137,546,
hjw257.jpg 18,116,340,453 169,172,178,158,159,163,206,149,154,158,235,177,183,200,277,200,131,229,315,238,60,229,282,323,254,328,206,418,178,427,263,550,244,531,
hjw259.jpg 63,105,350,467 262,173,267,163,252,158,272,158,223,148,238,202,194,177,291,226,150,202,369,226,106,236,179,323,135,323,247,430,218,421,184,533,165,552,
hjw261.jpg 15,0,314,338 263,80,276,77,263,73,294,88,259,73,289,126,237,109,281,151,185,130,285,112,219,98,219,183,185,169,154,151,124,140,102,274,54,249,
hjw262.jpg 111,0,300,338 169,80,169,73,156,77,173,77,136,88,190,109,136,126,244,126,152,151,206,98,144,112,231,169,206,183,306,140,273,147,377,253,327,267,
hjw263.jpg 32,124,330,440 210,183,219,179,206,174,233,179,197,179,256,220,174,220,265,284,160,270,252,321,151,311,229,334,183,330,224,417,178,412,229,495,174,490,
hjw264.jpg 80,134,314,418 223,181,228,177,215,177,237,177,202,181,258,221,175,225,271,268,167,282,284,312,180,321,250,325,206,329,254,408,210,412,258,482,206,495,
hjw265.jpg 104,123,328,437 268,173,277,168,258,168,290,163,249,163,299,204,227,204,286,264,217,255,254,305,222,300,286,332,236,327,304,427,227,414,327,482,227,514,
hjw267.jpg 0,121,322,435 169,175,178,166,161,166,187,161,147,161,205,207,134,207,219,256,147,266,214,302,178,311,201,329,152,333,210,415,129,429,214,515,107,483,
hjw269.jpg 92,67,352,530 209,160,219,144,194,149,238,144,194,160,243,188,248,188,194,249,228,232,184,232,209,221,321,326,292,337,336,453,268,431,385,552,282,519,
hjw270.jpg 0,68,354,530 236,161,245,150,226,145,245,161,201,145,211,194,196,189,211,244,250,250,236,222,255,233,147,327,127,333,177,426,108,454,162,526,54,553,
hjw271.jpg 70,76,316,390 223,189,232,185,219,185,236,189,210,189,254,222,192,222,307,226,140,226,355,226,96,226,245,303,201,303,302,311,149,303,293,376,144,380,
hjw272.jpg 29,0,393,300 361,96,372,90,351,90,389,90,345,93,383,143,323,121,416,109,280,128,394,96,329,90,296,218,269,212,198,131,198,131,83,159,83,162,
hjw273.jpg 15,0,402,300 93,75,87,62,82,62,48,75,42,65,37,118,31,134,132,96,121,115,82,71,65,81,160,231,154,250,271,128,277,134,366,259,383,262,
hjw274.jpg 64,73,321,393 224,187,228,183,220,183,242,187,211,187,260,220,193,224,309,228,139,224,353,224,95,228,246,302,206,302,300,306,148,310,304,384,157,380,
hjw275.jpg 34,0,375,300 86,96,96,90,75,90,106,93,60,93,122,121,70,140,169,125,75,162,122,90,39,112,185,212,159,215,252,137,247,131,367,159,362,162,
hjw276.jpg 40,0,401,300 363,75,368,62,363,62,407,68,407,75,418,134,407,115,324,112,312,96,396,78,390,71,296,250,296,218,173,137,173,131,67,262,84,253,
hjw279.jpg 12,0,414,300 316,75,334,71,334,68,368,90,380,103,339,150,311,131,385,78,374,59,357,134,380,118,127,209,155,181,12,71,12,75,12,65,12,53,
hjw280.jpg 45,0,387,300 136,75,125,68,114,71,45,112,88,90,152,131,120,150,66,87,66,84,286,225,82,125,286,200,303,206,383,112,399,112,426,75,426,59,
hjw281.jpg 36,0,387,252 111,147,100,141,95,144,73,165,79,165,111,189,105,207,159,126,170,157,202,84,267,76,245,210,240,220,320,112,320,115,380,196,363,196,
hjw282.jpg 53,0,379,252 342,144,358,147,353,139,379,165,389,162,342,202,337,189,226,102,231,110,189,78,189,76,216,210,221,199,137,112,137,110,89,199,89,199,
hjw283.jpg 0,50,422,564 222,144,252,120,211,120,298,138,199,132,275,226,234,238,128,302,181,379,76,273,152,285,263,502,228,496,46,561,134,332,369,608,70,420,
hjw284.jpg 38,52,419,580 230,142,247,124,206,124,259,136,160,136,230,233,177,227,270,372,334,305,305,269,375,269,224,499,189,505,270,625,270,625,218,601,340,293,
hjw289.jpg 44,51,422,574 260,104,266,92,249,92,272,92,225,98,272,122,190,152,266,152,196,248,231,188,208,218,272,296,213,302,307,415,208,427,331,535,178,559,
hjw291.jpg 0,39,434,605 204,102,217,89,198,95,241,95,192,95,271,152,192,120,271,253,192,158,259,221,235,190,247,303,186,297,259,429,156,417,283,562,132,536,
hjw292.jpg 196,39,154,205 251,92,258,83,251,83,283,81,275,85,294,130,273,124,279,79,247,73,283,83,279,79,279,241,264,241,196,237,202,237,198,233,270,237,
hjw293.jpg 82,94,344,460 239,151,249,141,230,146,258,141,206,141,244,185,206,189,282,209,172,228,325,237,148,290,239,324,220,324,258,410,282,405,234,506,316,515,
hjw294.jpg 39,82,352,471 224,155,239,145,219,145,263,140,210,140,259,185,224,189,293,229,185,209,317,292,141,239,244,327,229,327,180,405,210,410,156,513,234,508,
hjw295.jpg 31,0,410,365 366,125,378,114,372,114,412,121,418,125,401,186,395,171,406,125,412,117,418,136,418,133,275,281,270,273,179,174,184,174,82,281,82,269,
hjw296.jpg 35,0,398,365 101,125,95,114,90,114,57,125,57,121,95,171,62,190,57,125,57,125,35,133,40,136,200,258,189,277,283,182,283,174,394,269,388,285,
hjw297.jpg 0,60,341,582 123,144,137,132,108,126,151,138,89,132,165,211,61,217,189,272,23,338,208,326,42,435,161,399,104,417,161,520,108,532,142,605,66,635,
hjw298.jpg 144,77,335,557 353,140,367,129,339,129,385,135,325,140,423,216,311,210,455,338,288,297,437,436,269,332,381,413,316,401,371,529,316,517,409,628,334,599,
hjw299.jpg 153,139,322,428 296,214,305,210,296,205,331,214,296,201,358,237,282,246,421,219,242,277,470,201,188,281,349,353,305,357,345,428,309,424,331,509,322,464,
hjw300.jpg 0,52,374,564 207,122,212,104,187,104,212,93,135,110,192,169,109,204,166,263,83,322,212,269,197,316,181,375,129,416,280,386,135,563,228,492,119,610,
hjw301.jpg 192,80,288,469 348,99,360,94,352,94,384,104,344,119,404,133,336,163,360,158,308,197,312,109,296,123,380,285,332,294,376,407,336,417,456,465,336,544,
hjw306.jpg 41,0,405,200 406,108,412,116,417,112,423,131,423,133,367,156,350,118,401,189,311,104,434,145,378,114,226,147,232,118,159,43,159,43,91,141,91,141,
hjw307.jpg 0,123,341,454 184,212,184,203,175,208,184,203,146,212,194,245,118,236,241,279,56,222,293,279,9,198,175,359,132,354,161,425,137,430,156,463,146,510,
hjw308.jpg 115,57,365,545 272,119,287,108,267,102,343,108,262,96,368,204,297,170,398,323,317,250,292,318,267,261,353,414,292,369,348,596,201,386,358,596,251,511,
hjw309.jpg 0,67,298,480 132,102,128,97,120,97,128,107,95,107,149,162,78,137,173,197,115,157,186,122,165,117,149,292,99,282,140,412,107,407,140,542,28,467,
hjw314.jpg 33,0,408,200 72,110,61,110,67,116,72,110,61,135,129,118,106,156,118,114,78,189,101,116,44,147,259,120,254,145,316,39,316,31,395,131,390,141,
hjw315.jpg 52,0,400,300 352,103,368,93,346,93,396,106,335,100,407,146,313,143,435,84,268,75,407,112,340,93,307,225,246,221,218,103,179,165,140,246,118,246,
hjw316.jpg 58,0,390,300 345,109,366,103,345,100,388,115,339,103,404,156,312,153,431,93,263,84,415,115,339,103,301,231,242,228,209,109,177,171,123,259,123,262,
hjw318.jpg 39,0,391,300 125,103,131,93,115,93,136,103,82,106,169,143,77,146,212,75,39,81,142,93,60,100,234,225,174,225,283,100,272,100,353,250,353,246,
hjw319.jpg 50,0,362,300 130,109,135,100,115,103,140,106,90,115,170,156,80,156,220,84,50,90,145,103,70,112,251,231,190,228,291,106,266,112,386,246,356,262,
hjw321.jpg 35,0,363,208 322,58,332,54,327,52,357,67,362,69,357,101,347,95,362,101,332,75,372,71,372,58,231,153,236,138,156,58,156,58,90,156,70,153,
hjw322.jpg 91,0,365,208 161,58,156,52,151,54,136,67,131,67,156,91,126,101,131,67,121,99,131,58,116,69,248,130,243,147,329,56,329,58,390,136,395,151,
hjw323.jpg 172,35,257,258 214,161,172,153,211,161,179,153,182,172,196,193,182,198,250,164,239,153,179,161,182,158,275,255,257,247,321,166,321,166,379,250,382,247,
hjw324.jpg 60,30,265,263 277,164,284,164,277,164,295,166,299,164,310,199,306,202,251,153,240,161,302,161,306,158,229,243,221,260,170,169,170,166,107,249,111,249,
hjw325.jpg 95,0,314,333 304,305,269,329,356,0,269,329,265,308,343,0,217,0,361,79,230,107,234,69,326,65,234,142,147,173,374,128,330,131,234,246,217,280,
hjw326.jpg 84,0,317,333 132,0,132,0,202,287,136,0,211,291,273,0,145,0,255,107,132,76,167,65,207,97,356,180,251,152,163,131,114,128,273,263,255,246,
hjw327.jpg 44,0,423,380 390,87,408,83,390,75,431,95,378,75,408,154,349,98,461,122,314,27,443,63,396,55,237,213,220,190,79,158,108,253,91,308,91,316,
hjw328.jpg 45,0,398,380 100,87,105,75,83,83,111,67,56,91,144,102,72,154,177,31,50,95,105,55,50,55,282,190,249,213,398,150,426,162,420,316,420,292,
hjw329.jpg 151,10,224,298 250,65,247,56,244,53,216,50,222,50,213,100,207,100,247,168,269,165,269,155,272,155,222,221,219,230,331,236,331,239,222,267,228,276,
hjw330.jpg 53,0,239,238 218,52,222,44,218,42,248,49,248,49,265,96,248,89,275,66,235,49,255,37,169,178,232,203,222,193,172,114,169,106,109,210,102,205,
hjw331.jpg 176,68,261,263 226,202,219,196,223,196,183,191,215,188,208,235,197,235,259,199,248,191,219,196,190,199,281,295,270,281,328,202,328,204,382,287,389,284,
hjw332.jpg 119,16,232,311 247,64,254,54,247,54,276,51,280,51,289,103,283,100,231,165,241,171,225,155,231,161,286,236,273,226,167,242,167,242,270,281,273,281,
hjw333.jpg 203,0,251,238 279,52,276,44,272,44,244,49,251,49,255,86,230,99,230,57,223,69,237,39,241,37,269,193,262,210,325,114,325,119,398,208,391,210,
hjw334.jpg 70,68,260,263 283,202,283,202,283,202,293,210,301,202,301,237,301,235,250,191,239,199,304,196,297,196,228,281,218,298,171,204,171,202,109,284,113,281,
hjw336.jpg 28,0,313,381 284,107,288,99,275,99,293,95,254,91,297,138,223,107,297,198,241,166,310,230,288,182,223,186,175,162,249,242,132,222,162,301,49,289,
hjw337.jpg 99,38,344,459 280,90,285,76,256,85,299,85,232,109,275,181,247,191,294,281,232,348,333,315,309,444,299,439,266,449,318,487,419,492,285,477,218,487,
hjw340.jpg 136,26,250,329 247,80,254,73,247,73,274,73,250,77,292,108,267,104,222,118,222,115,160,115,163,115,351,193,330,190,274,217,261,211,302,307,278,286,
hjw341.jpg 95,47,276,369 229,73,240,66,221,66,256,70,206,70,290,146,175,154,298,246,175,246,256,170,213,166,271,293,202,296,348,243,129,246,325,373,152,381,
hjw342.jpg 64,0,376,458 246,71,257,62,252,62,272,71,293,76,272,124,319,119,184,166,246,157,100,171,147,157,377,267,398,257,231,286,267,286,314,419,346,386,
hjw343.jpg 90,0,314,375 369,0,369,0,360,0,281,312,90,0,334,0,216,0,364,82,238,109,242,82,329,66,194,156,146,179,377,132,329,140,229,246,220,281,
hjw344.jpg 178,180,276,321 319,190,316,183,316,180,319,180,304,183,212,180,197,180,362,193,289,183,369,190,369,190,220,313,208,313,319,333,342,297,227,434,388,427,
hjw345.jpg 94,34,275,366 239,91,246,83,227,83,258,91,216,95,273,129,200,133,334,102,139,106,284,87,189,91,262,239,212,239,346,270,128,274,346,358,136,358,
hjw346.jpg 22,0,452,323 103,70,103,53,97,53,65,57,47,57,53,117,40,137,147,90,135,114,78,77,65,74,166,225,172,255,291,124,291,134,398,252,411,272,
hjw347.jpg 61,17,434,483 374,213,392,198,368,198,428,203,362,198,458,273,374,268,488,238,278,228,458,203,356,208,356,419,290,419,259,288,199,298,157,444,85,429,
hjw348.jpg 53,0,416,341 353,149,365,138,347,138,393,142,341,145,399,188,341,170,434,131,295,131,405,134,353,138,295,273,272,269,197,188,197,181,110,277,110,277,
hjw349.jpg 42,0,426,333 118,104,113,100,107,107,130,100,107,135,178,114,130,159,172,93,53,166,142,124,89,152,290,152,266,180,373,79,326,121,420,197,391,228,
hjw350.jpg 127,0,321,230 385,88,394,83,394,81,412,98,416,98,403,134,390,117,336,103,345,103,376,105,376,107,309,167,305,153,242,86,251,81,184,174,198,160,
hjw352.jpg 91,0,349,354 100,132,100,129,154,140,144,147,139,147,158,173,154,184,207,140,168,129,163,132,120,132,294,151,313,184,376,62,381,73,381,173,376,180,
hjw353.jpg 60,3,368,397 121,193,116,184,106,193,85,209,85,218,136,242,126,284,95,164,203,346,70,81,284,350,254,292,254,313,320,131,320,135,371,296,366,325,
hjw354.jpg 59,0,339,314 313,42,322,39,308,35,341,49,299,39,350,85,275,65,379,71,247,29,346,52,299,35,285,160,228,140,247,153,181,137,176,245,115,219,
hjw355.jpg 34,73,355,427 300,197,319,201,310,188,334,237,300,193,324,304,275,237,300,357,186,197,339,277,265,175,216,415,196,375,152,299,132,255,122,419,107,402,
hjw356.jpg 65,0,388,334 178,69,183,62,167,62,194,69,140,69,199,111,124,114,253,93,65,93,199,73,118,69,242,208,188,222,296,146,248,142,388,247,318,264,
hjw357.jpg 10,122,346,460 235,208,250,198,235,198,279,203,231,203,307,265,231,270,331,241,163,265,303,198,197,217,231,395,192,380,106,356,58,361,130,510,91,505,
hjw358.jpg 159,12,224,298 208,67,211,58,199,61,215,61,180,67,215,98,171,114,246,139,208,154,243,105,221,114,233,176,205,188,274,173,255,182,342,232,320,251,
hjw359.jpg 189,0,241,290 255,81,255,75,245,78,255,75,229,84,255,102,225,114,276,87,199,102,252,78,215,84,299,163,282,166,349,114,339,120,389,172,383,181,
hjw360.jpg 55,0,383,302 172,62,182,56,166,53,203,56,156,53,230,91,145,91,299,75,70,75,241,66,129,56,198,201,177,226,299,173,283,179,384,217,384,229,
hjw361.jpg 38,0,430,491 133,40,133,25,115,40,139,30,79,56,175,86,109,122,247,56,73,117,175,35,91,66,270,199,258,230,366,153,420,158,396,327,444,337,
hjw362.jpg 75,0,403,455 394,127,405,113,382,118,433,113,382,123,444,180,388,175,461,194,298,161,382,189,321,180,394,355,360,341,259,303,248,303,125,379,125,379,
hjw364.jpg 112,0,313,344 181,86,185,86,172,86,190,89,164,103,207,103,168,129,242,129,120,118,238,118,159,114,268,143,242,150,320,114,307,114,377,200,338,197,
hjw365.jpg 177,0,299,303 351,69,363,53,334,56,388,50,322,59,397,113,305,101,451,34,230,56,405,37,309,44,330,287,297,274,218,230,206,217,368,299,368,299,
hjw366.jpg 32,0,420,500 90,98,84,93,72,93,43,114,43,109,55,171,67,166,142,208,177,182,142,156,154,151,201,250,201,260,329,197,341,197,376,286,399,333,
hjw367.jpg 95,0,347,281 143,184,133,184,133,187,138,187,138,193,167,190,162,213,152,149,128,166,138,172,128,175,258,196,263,204,321,137,331,143,369,199,384,210,
hjw368.jpg 33,0,448,500 412,130,431,114,406,114,468,114,400,119,474,197,418,192,362,276,331,265,381,182,375,192,350,369,331,348,194,250,201,250,82,375,82,369,
hjw369.jpg 49,0,442,333 147,124,128,117,128,121,134,121,91,135,134,190,110,190,171,173,122,149,134,149,110,121,270,287,257,267,392,142,380,142,484,277,484,274,
hjw370.jpg 53,0,416,341 353,149,365,138,347,138,393,142,341,145,399,188,341,170,434,131,295,131,405,134,353,138,295,273,272,269,197,188,197,181,110,277,110,277,
hjw371.jpg 179,0,252,320 392,140,399,143,392,140,403,150,399,146,389,170,375,160,392,170,361,153,399,166,375,146,305,163,305,153,256,123,259,120,203,166,203,163,
hjw372.jpg 34,5,385,394 317,230,328,226,322,226,344,238,338,238,322,275,312,267,338,247,328,243,354,251,322,247,210,279,210,271,146,234,146,234,82,288,82,288,
hjw374.jpg 98,0,327,366 202,83,207,80,188,76,207,87,170,83,220,129,152,129,270,83,116,72,211,83,166,83,243,244,188,240,284,152,247,148,361,270,311,263,
hjw375.jpg 95,0,347,281 143,184,133,184,133,187,138,187,138,193,167,190,162,213,152,149,128,166,138,172,128,175,258,196,263,204,321,137,331,143,369,199,384,210,
hjw376.jpg 99,4,218,290 174,40,177,37,165,37,180,49,153,49,192,76,144,70,214,55,108,25,177,52,138,46,211,149,183,161,289,133,259,133,289,221,259,236,
hjw377.jpg 35,0,443,366 336,106,324,91,324,95,367,76,373,72,416,110,398,114,318,160,311,171,330,76,342,91,348,266,330,259,207,125,201,152,108,293,108,293,
hjw378.jpg 3,0,433,333 297,114,315,111,303,107,345,142,351,142,297,222,285,169,411,169,303,187,399,163,375,135,63,190,69,166,3,79,3,79,3,65,3,72,
hjw379.jpg 80,0,401,334 414,104,425,90,408,93,458,97,403,93,469,153,414,132,464,93,358,100,464,80,414,80,352,271,336,243,235,170,235,160,107,274,124,271,
hjw380.jpg 40,0,428,333 194,111,206,93,176,97,218,93,152,100,230,135,147,176,319,72,51,208,265,86,123,117,301,277,277,308,444,228,450,274,462,315,135,124,
hjw381.jpg 177,0,299,303 351,69,363,53,334,56,388,50,322,59,397,113,305,101,451,34,230,56,405,37,309,44,330,287,297,274,218,230,206,217,368,299,368,299,
hjw382.jpg 21,0,450,322 102,67,102,53,96,53,64,57,46,57,46,127,39,137,146,90,139,114,83,73,64,73,164,224,171,254,296,124,289,134,396,251,414,271,
hjw383.jpg 85,0,406,333 169,72,158,62,152,65,113,83,118,86,163,142,135,149,85,83,90,83,130,0,118,0,271,260,265,280,378,166,378,163,462,222,479,222,
hjw384.jpg 48,0,369,333 130,93,135,86,119,86,140,86,94,93,145,138,83,135,196,86,48,86,140,97,78,86,191,228,150,239,268,194,247,194,355,274,340,280,
hjw385.jpg 24,0,438,252 370,144,389,144,389,139,413,165,407,165,413,183,358,178,437,173,340,131,437,165,419,165,261,217,236,199,145,115,139,115,97,249,78,246,
hjw386.jpg 37,0,413,376 54,109,54,113,48,117,77,109,37,137,128,109,82,172,134,54,128,54,88,94,88,94,254,105,243,125,375,58,375,94,427,184,415,195,
hjw387.jpg 41,0,451,365 134,129,134,125,122,125,134,136,91,148,160,193,141,209,91,121,78,117,72,171,66,174,329,231,329,197,322,125,435,79,479,224,485,209,
hjw389.jpg 157,0,316,381 218,111,222,99,209,99,244,91,205,99,275,103,200,134,262,166,200,186,209,178,187,234,323,162,275,186,367,226,249,242,451,293,336,305,
hjw390.jpg 58,35,346,462 216,92,240,83,211,78,269,107,197,83,250,193,221,184,264,352,202,294,192,439,168,314,245,458,231,439,216,487,279,487,211,477,231,472,
hjw393.jpg 109,27,248,328 250,81,253,74,243,71,243,74,226,74,229,105,208,109,277,119,274,119,339,115,339,115,160,191,146,194,243,211,229,214,219,286,195,307,
hjw394.jpg 121,44,278,371 267,74,279,67,256,63,294,71,240,71,325,152,205,152,321,248,198,244,287,167,244,167,298,306,225,295,371,248,151,241,344,376,171,376,
hjw395.jpg 78,0,350,458 253,71,248,62,243,62,194,76,223,76,180,119,228,124,267,157,316,166,345,157,398,171,97,267,126,267,214,291,267,291,150,386,184,419,
hjw396.jpg 95,0,315,375 217,3,318,113,165,78,287,343,291,316,278,0,151,0,261,105,138,82,169,66,217,101,353,179,300,156,165,140,121,132,274,265,265,253,
hjw397.jpg 32,172,296,329 258,172,270,172,258,172,278,172,258,172,282,192,266,192,204,192,192,192,134,192,69,182,291,309,278,302,155,295,175,333,106,429,270,435,
hjw398.jpg 130,34,274,364 263,90,270,83,251,83,282,90,244,90,301,132,228,132,358,106,164,106,308,90,213,87,286,246,236,246,369,276,156,269,362,356,156,356,
hjw399.jpg 51,0,436,323 396,70,408,53,402,53,450,67,450,67,450,131,450,117,359,111,347,90,414,77,414,63,329,248,335,235,202,134,202,124,81,269,105,252,
hjw400.jpg 12,0,458,500 126,208,126,197,107,197,132,197,69,197,132,265,43,270,221,229,12,229,132,213,43,203,196,427,139,416,298,296,234,291,419,427,336,447,
hjw401.jpg 40,0,393,341 143,149,149,145,132,138,149,138,110,142,154,174,100,188,198,134,56,134,138,134,94,138,220,255,203,269,302,198,302,184,389,277,389,277,
hjw402.jpg 33,0,411,333 381,104,392,107,386,100,386,135,375,100,364,159,312,114,438,169,318,90,432,163,352,117,238,180,209,142,170,117,130,83,101,228,72,201,
hjw403.jpg 61,0,310,230 112,88,108,81,104,83,82,98,82,98,108,117,99,136,125,103,160,105,82,69,125,107,194,150,194,172,250,81,254,86,297,165,315,174,
hjw404.jpg 93,0,203,157 129,44,132,40,132,40,109,39,115,37,95,55,93,60,146,45,124,44,126,24,124,22,129,116,135,117,200,112,194,119,267,124,273,137,
hjw405.jpg 62,0,340,354 340,143,373,143,354,129,359,147,335,132,340,184,326,158,335,125,345,66,373,140,383,106,189,188,208,151,118,73,123,66,123,180,137,173,
hjw406.jpg 70,0,386,400 375,191,391,191,386,183,413,216,407,212,375,270,348,237,295,350,300,312,214,354,220,345,236,316,246,291,177,150,96,312,123,329,128,337,
hjw407.jpg 106,0,332,314 184,42,189,35,175,39,198,39,161,49,225,65,156,88,253,29,119,71,202,35,152,49,262,143,212,160,313,134,248,157,382,219,322,245,
hjw408.jpg 114,78,349,422 196,196,186,187,177,201,196,187,162,236,220,236,172,302,312,196,201,354,235,174,162,280,307,363,283,412,366,258,346,297,385,398,375,420,
hjw409.jpg 46,0,399,334 317,69,334,62,317,62,356,69,312,66,378,114,300,111,439,93,245,93,378,73,295,76,306,215,256,208,245,142,206,146,179,260,112,247,
hjw410.jpg 136,139,323,430 261,210,266,197,252,197,266,210,216,201,266,268,194,259,333,268,167,246,301,219,194,201,301,376,270,394,436,362,391,354,405,515,364,515,
hjw411.jpg 109,6,240,320 289,66,299,62,289,59,319,69,285,62,325,112,282,102,292,156,252,139,279,116,252,106,295,186,269,176,245,179,225,169,175,252,162,232,
hjw412.jpg 70,0,237,289 244,81,251,78,244,75,267,87,237,81,270,114,241,105,297,102,221,87,280,84,244,78,218,168,201,162,162,123,152,114,116,180,106,168,
hjw413.jpg 58,0,386,302 331,59,336,53,315,56,342,53,293,56,352,91,272,91,427,75,202,75,368,56,261,66,320,213,293,201,213,179,208,169,106,239,116,217,
hjw414.jpg 34,0,424,475 363,39,387,34,369,29,416,59,363,34,381,123,328,89,422,118,251,54,405,69,316,34,234,232,228,197,87,163,128,158,51,336,98,326,
hjw415.jpg 15,0,421,455 102,127,114,118,91,113,120,123,67,113,120,175,44,180,196,161,32,194,172,180,108,189,149,345,102,360,248,303,237,303,406,369,365,379,
hjw416.jpg 61,0,342,315 331,111,346,108,331,105,365,127,327,108,379,170,303,147,388,157,241,108,384,118,303,101,251,242,232,210,194,127,146,121,165,269,113,246,
hjw417.jpg 80,0,297,344 315,86,327,86,315,86,335,103,311,93,327,125,290,107,368,118,278,107,339,118,273,111,257,154,232,139,195,118,174,114,158,197,129,193,
hjw418.jpg 30,0,331,303 149,69,163,56,135,53,172,59,112,53,190,101,98,110,269,56,48,34,190,41,103,34,213,265,158,280,292,220,282,224,140,296,149,296,
hjw419.jpg 30,0,459,500 412,98,425,93,418,93,450,109,457,109,431,171,438,166,323,187,336,187,348,151,361,156,297,265,291,250,157,203,163,208,100,338,112,286,
hjw420.jpg 57,0,342,281 356,184,370,184,351,175,356,187,361,187,337,213,342,199,365,166,346,152,365,175,356,166,237,201,237,193,161,146,171,137,114,213,133,204,
hjw421.jpg 26,0,437,500 86,130,92,119,68,114,98,119,26,114,86,192,26,203,165,265,135,276,117,192,117,187,165,348,147,375,293,250,299,250,408,375,414,375,
hjw422.jpg 6,0,449,333 355,124,373,117,367,117,405,128,373,128,398,187,386,194,386,142,324,173,405,121,355,149,249,270,230,291,118,142,112,142,6,270,6,270,
hjw423.jpg 40,0,393,341 143,149,149,145,132,138,149,138,110,142,154,174,100,188,198,134,56,134,138,134,94,138,220,255,203,269,302,198,302,184,389,277,389,277,
hjw424.jpg 67,0,254,321 105,140,105,140,102,143,105,143,98,153,119,150,112,163,134,143,95,160,119,147,91,160,194,160,194,163,243,123,239,120,296,167,296,167,
hjw425.jpg 55,0,420,399 183,228,177,224,171,224,165,236,160,236,189,261,171,266,160,216,160,249,171,249,142,241,276,274,288,282,346,236,352,232,416,290,416,290,
hjw427.jpg 79,0,321,366 297,83,310,76,293,80,328,83,284,87,350,129,275,129,382,72,226,83,337,83,288,83,306,244,248,247,248,148,212,148,190,255,150,255,
hjw428.jpg 57,0,342,281 356,184,370,184,351,175,356,187,361,187,337,213,342,199,365,166,346,152,365,175,356,166,237,201,237,193,161,146,171,137,114,213,133,204,
hjw429.jpg 181,4,220,292 324,40,333,37,321,34,346,46,318,52,355,70,309,77,388,22,287,52,358,46,318,52,315,156,291,143,239,131,208,131,236,238,208,226,
hjw430.jpg 26,0,455,366 177,95,177,87,171,80,127,72,133,72,89,106,82,110,183,171,177,160,146,91,165,76,171,297,152,274,285,122,291,125,392,270,392,297,
hjw431.jpg 97,0,393,333 200,114,189,107,178,111,151,145,151,142,228,169,200,222,419,138,97,173,484,86,118,142,429,152,462,201,484,79,484,114,484,86,484,83,
hjw432.jpg 32,0,431,334 85,104,91,93,73,90,97,86,37,90,85,132,32,135,133,100,37,93,73,80,49,66,169,247,145,271,259,163,265,177,379,271,391,278,
hjw433.jpg 14,0,445,333 304,111,323,97,292,93,347,100,273,90,353,173,267,131,446,208,174,72,372,117,230,86,230,312,199,277,44,274,57,228,329,329,14,312,
hjw434.jpg 30,0,331,303 149,69,163,56,135,53,172,59,112,53,190,101,98,110,269,56,48,34,190,41,103,34,213,265,158,280,292,220,282,224,140,296,149,296,
hjw435.jpg 50,0,439,322 397,70,403,57,403,53,452,67,452,70,452,130,452,117,360,110,348,90,415,77,440,77,330,251,336,224,202,134,202,130,80,268,104,251,
hjw436.jpg 0,0,423,333 329,72,346,65,340,65,376,86,381,86,370,149,346,142,405,86,340,83,417,86,411,86,229,274,223,249,117,163,111,204,17,228,123,249,
hjw437.jpg 55,0,406,333 370,93,382,86,365,86,404,93,359,86,421,135,359,138,455,86,297,86,432,90,370,97,342,239,314,225,258,201,235,194,167,284,139,277,
hjw438.jpg 43,0,423,252 125,147,119,141,107,144,90,165,90,168,148,175,113,220,154,131,54,173,125,157,119,157,278,202,254,233,360,118,319,128,419,228,407,244,
hjw439.jpg 62,0,411,376 433,113,444,121,444,117,444,148,427,113,421,184,381,117,427,188,364,54,433,203,415,97,261,125,250,97,124,94,124,58,84,195,90,184,
hjw440.jpg 2,0,457,365 357,129,376,125,370,125,408,148,401,155,351,201,357,190,420,125,427,125,433,152,414,167,167,205,167,190,65,87,179,117,14,224,14,224,
hjw447.jpg 0,34,435,600 241,121,247,96,211,96,259,102,163,115,302,209,102,209,290,371,132,371,283,477,175,490,271,459,132,471,259,627,145,627,265,627,151,521,
hjw448.jpg 80,39,434,589 272,118,297,100,260,100,345,112,254,100,405,204,212,210,387,358,218,370,333,486,224,474,375,480,242,474,363,621,272,621,369,493,218,450,
hjw451.jpg 85,0,409,208 408,121,425,114,425,114,425,143,442,162,408,153,414,151,374,110,374,112,408,145,414,136,261,164,272,190,198,78,289,138,147,171,147,171,
hjw452.jpg 23,0,400,208 111,114,100,114,100,117,84,134,78,136,117,143,100,149,145,112,156,112,106,125,106,125,223,195,239,166,239,136,311,84,373,173,373,171,
hjw453.jpg 26,0,363,300 338,150,348,150,338,146,363,171,363,171,338,206,338,196,318,146,283,137,368,125,333,106,207,221,207,203,126,118,126,118,106,231,91,228,
hjw455.jpg 145,0,355,300 194,150,189,146,179,150,169,168,164,171,223,175,199,203,253,134,218,143,199,106,154,121,327,212,322,221,401,125,406,118,435,221,426,234,
hjw457.jpg 51,0,459,300 433,171,446,178,433,171,446,196,420,181,446,221,382,175,503,234,299,178,484,196,484,200,299,231,248,218,210,125,204,115,114,250,95,250,
hjw458.jpg 21,0,467,300 98,168,92,171,85,181,92,178,85,196,144,178,98,218,202,171,21,237,72,200,46,196,248,203,228,225,332,115,325,118,410,240,416,246,
hjw459.jpg 92,0,414,300 201,59,189,46,184,46,149,53,138,53,155,115,120,128,143,50,143,43,270,12,161,6,224,225,230,253,316,103,316,103,408,246,425,256,
hjw460.jpg 37,0,425,300 338,59,349,46,343,46,402,53,397,56,414,121,379,115,397,46,361,78,414,62,385,62,314,246,320,225,214,146,225,96,113,256,131,246,
hjw461.jpg 161,0,305,367 305,76,305,68,300,68,275,72,275,72,271,114,262,122,343,118,351,133,410,110,419,122,224,206,199,225,309,225,296,252,262,332,258,336,
hjw462.jpg 102,0,324,367 268,76,273,68,268,68,300,72,295,72,313,122,291,114,228,137,232,118,156,122,169,110,372,225,336,214,277,252,268,233,309,336,309,332,
hjw463.jpg 90,0,364,300 140,165,135,165,130,171,125,184,125,190,165,206,160,225,160,171,130,200,125,168,125,200,266,209,277,228,342,146,347,150,408,231,413,237,
hjw464.jpg 126,0,366,300 436,165,446,171,441,165,456,190,456,190,425,212,420,200,446,200,415,171,456,196,431,171,309,221,309,212,232,153,237,146,161,237,171,231,
hjw468.jpg 191,79,364,487 352,129,362,124,347,124,383,129,337,129,403,180,337,170,413,266,327,251,393,337,307,302,378,327,332,322,378,423,327,408,433,515,337,484,
hjw469.jpg 92,72,392,524 217,192,233,175,200,175,266,175,184,181,239,252,266,224,179,290,244,246,162,257,217,235,326,410,288,404,353,530,249,486,396,590,266,552,
hjw470.jpg 49,4,451,600 186,79,199,66,180,66,236,66,174,72,261,110,193,147,355,179,149,166,387,260,92,122,337,316,268,322,337,454,287,441,456,447,305,560,
hjw472.jpg 78,83,354,472 255,132,264,122,245,122,269,127,225,127,274,171,210,181,289,245,196,260,304,294,220,323,274,323,235,323,284,402,230,417,274,481,181,510,
hjw473.jpg 124,75,392,522 390,189,407,178,374,172,428,183,341,178,336,232,363,249,379,243,434,287,396,238,445,259,320,406,287,412,358,488,254,537,347,553,205,591,
hjw474.jpg 104,7,452,602 424,75,430,69,405,63,436,75,373,69,411,151,348,113,468,163,254,176,518,119,223,257,336,326,273,320,323,439,273,452,298,558,160,445,
hjw477.jpg 47,0,528,267 135,77,135,77,127,77,47,77,83,86,76,130,83,130,157,50,164,52,69,63,69,66,245,216,259,172,413,63,413,77,553,175,567,200,
hjw478.jpg 44,0,546,267 514,86,514,83,544,77,559,89,552,89,544,127,544,122,468,58,476,41,559,66,559,80,392,208,392,178,218,80,226,75,66,203,66,175,
hjw479.jpg 0,78,342,497 209,145,209,140,199,140,166,140,175,145,118,166,180,176,85,228,242,155,123,166,213,109,114,316,142,321,209,424,223,430,194,533,137,523,
hjw480.jpg 290,72,348,506 435,145,435,140,430,140,459,140,468,140,454,182,512,166,391,156,555,224,425,103,512,166,493,330,526,319,415,430,420,425,497,525,444,535,
hjw482.jpg 309,54,270,361 429,91,432,84,429,84,455,91,455,91,451,129,470,125,432,174,481,178,395,155,395,155,451,230,470,230,432,309,462,305,447,388,474,384,
hjw483.jpg 235,61,226,303 369,117,369,105,366,111,385,95,395,92,413,130,410,124,410,196,398,193,363,228,360,209,401,256,391,244,282,256,285,225,310,351,322,351,
hjw484.jpg 130,0,258,345 198,25,198,17,198,17,208,10,241,0,226,39,269,35,226,104,298,82,237,143,298,125,244,140,269,140,226,219,287,212,205,309,345,301,
hjw485.jpg 297,75,254,340 462,110,459,103,455,103,431,110,431,110,395,142,448,142,342,145,452,170,356,113,469,198,434,262,420,259,427,344,441,344,413,411,406,411,
hjw486.jpg 203,98,182,244 258,131,261,125,256,128,273,120,271,120,301,141,273,153,326,171,276,184,329,207,271,209,306,220,286,222,299,265,281,268,314,326,286,324,
hjw487.jpg 121,118,256,341 217,167,220,157,206,160,238,157,199,164,245,189,259,185,231,242,266,238,206,292,238,274,284,288,295,284,277,380,284,366,291,455,305,409,
hjw490.jpg 43,0,417,427 286,84,286,71,274,75,292,75,245,75,239,97,257,128,274,128,355,142,321,106,407,97,222,257,234,262,199,369,338,329,83,404,402,422,
hjw495.jpg 190,84,206,274 267,146,267,143,258,143,267,141,238,146,261,181,227,181,278,223,218,235,310,246,250,252,261,249,232,258,315,260,304,258,295,298,358,320,
hjw496.jpg 120,100,246,328 277,182,280,175,273,171,243,161,243,161,260,202,191,209,256,274,137,274,304,315,171,339,229,352,198,356,184,424,243,424,249,257,202,335,
hjw499.jpg 95,31,302,403 254,85,266,72,246,72,287,85,233,77,287,144,208,131,317,198,166,182,308,224,141,232,271,236,220,245,300,303,275,320,342,392,308,408,
hjw502.jpg 239,5,302,404 314,72,318,63,314,63,348,55,348,55,415,89,335,114,473,135,331,177,457,194,310,194,427,236,377,240,360,320,423,337,335,404,490,383,
hjw505.jpg 360,158,238,318 426,201,436,194,419,194,459,201,416,197,485,250,432,240,465,336,452,283,399,343,412,317,538,340,482,326,469,436,436,419,485,472,521,436,
hjw506.jpg 287,69,260,347 431,123,435,115,431,115,460,123,471,123,453,173,507,170,377,199,467,231,319,170,402,213,467,322,510,318,427,369,500,412,431,412,503,412,
hjw507.jpg 209,33,246,329 414,91,417,84,410,80,386,74,390,74,355,98,373,104,345,142,349,139,383,163,352,187,308,183,332,190,304,272,376,269,267,324,366,351,
hjw508.jpg 180,83,379,453 353,200,364,191,348,191,390,191,348,186,422,219,337,229,469,234,285,234,527,224,222,224,437,328,395,337,427,418,411,427,485,474,464,484,
hjw515.jpg 127,19,367,461 228,129,234,119,213,119,234,119,177,139,244,163,162,182,305,153,228,187,351,71,279,119,269,335,193,355,341,345,249,359,432,451,335,475,
hjw516.jpg 143,41,316,422 362,93,366,84,353,80,318,67,314,67,287,102,314,137,296,203,322,247,344,230,375,317,274,269,301,278,279,375,301,375,279,458,283,458,
hjw517.jpg 151,0,484,360 272,172,278,165,272,172,265,165,251,157,292,105,265,116,285,232,251,210,251,322,218,281,406,33,393,56,493,142,493,150,594,221,601,225,
hjw518.jpg 182,38,326,434 340,87,349,83,345,78,381,92,385,92,385,137,417,128,390,232,399,214,345,273,335,205,390,295,417,286,263,327,317,313,258,453,358,404,
hjw519.jpg 244,173,158,211 272,212,265,205,265,210,274,188,274,190,305,177,296,175,298,243,296,241,272,278,279,267,366,238,351,243,351,318,344,318,349,381,342,379,
hjw522.jpg 335,98,270,361 413,169,413,158,410,161,440,150,470,143,458,229,511,199,473,349,485,308,421,346,413,312,492,406,533,368,473,455,485,455,428,368,515,455,
hjw524.jpg 14,0,569,480 85,225,77,210,77,220,100,180,93,180,148,195,132,165,148,300,140,265,61,290,77,280,322,175,306,175,440,225,448,215,575,240,567,220,
hjw525.jpg 240,110,207,276 352,248,288,268,291,268,309,245,309,250,311,216,415,239,257,250,363,334,268,305,268,317,349,176,424,233,314,225,389,340,297,314,271,340,
hjw526.jpg 196,21,297,396 253,148,253,140,249,144,262,132,278,111,319,136,315,120,323,223,282,214,278,202,233,252,427,235,439,223,295,252,422,342,344,338,488,318,
hjw527.jpg 33,35,265,352 257,112,264,112,261,101,253,68,253,68,205,71,220,82,161,152,191,174,176,266,235,233,80,123,77,123,150,222,180,218,136,350,139,350,
hjw528.jpg 263,85,277,368 386,154,386,142,386,142,416,138,420,134,447,196,463,180,393,299,432,253,316,299,382,246,497,353,509,338,493,449,486,449,270,426,443,357,
hjw529.jpg 313,124,292,356 523,224,527,216,523,213,495,201,503,205,434,209,479,238,515,298,519,309,568,327,572,335,353,320,381,335,381,431,414,431,381,476,426,476,
hjw530.jpg 102,0,520,480 506,95,520,85,506,85,557,90,506,90,578,160,528,150,600,260,535,210,520,225,470,200,484,305,448,280,340,350,311,330,181,420,181,385,
hjw532.jpg 56,49,278,372 214,91,210,83,206,83,183,91,187,91,167,122,187,126,187,173,206,176,237,161,241,157,164,227,191,231,179,312,206,304,164,390,187,390,
hjw533.jpg 181,86,228,305 269,117,269,111,266,108,244,92,257,95,228,127,225,127,244,190,231,197,279,209,276,222,247,244,241,254,348,241,358,257,317,352,329,352,
hjw534.jpg 233,0,256,341 439,28,439,17,439,17,417,7,425,14,400,39,407,39,371,95,407,110,325,85,414,113,371,134,385,138,350,216,410,220,293,305,432,309,
hjw535.jpg 101,74,256,343 179,109,186,102,179,102,207,109,207,109,189,145,239,141,186,170,296,145,168,202,282,113,221,259,200,263,197,345,211,341,229,413,225,413,
hjw537.jpg 257,111,268,357 424,166,431,163,417,159,435,166,398,159,376,181,394,189,379,241,405,237,402,270,431,289,346,285,361,285,361,371,364,382,331,408,350,464,
hjw540.jpg 169,0,425,427 357,84,363,75,351,75,393,75,357,71,387,128,405,97,287,137,357,124,228,97,316,106,399,262,411,253,298,329,440,369,233,422,558,409,
hjw545.jpg 247,83,205,272 372,148,380,142,369,139,397,145,369,139,412,182,377,176,420,236,363,221,389,253,326,250,400,264,377,253,323,261,338,250,275,321,340,301,
hjw546.jpg 275,101,248,331 361,183,364,173,357,173,395,163,395,159,443,211,381,204,498,276,385,276,467,342,333,318,440,356,409,356,395,428,467,428,381,428,350,187,
hjw549.jpg 245,27,302,404 383,85,391,73,370,73,404,77,349,85,429,128,349,144,471,178,320,199,496,233,324,224,416,241,366,233,366,317,341,300,328,401,295,388,
hjw552.jpg 106,18,280,375 323,72,323,64,319,60,292,57,292,57,304,115,226,92,308,170,164,135,331,189,179,193,261,240,214,232,211,334,281,322,148,389,308,389,
hjw555.jpg 50,155,242,323 214,202,218,192,201,192,221,198,181,198,207,239,154,245,187,286,174,336,228,319,238,340,157,323,103,340,204,417,171,437,120,437,157,474,
hjw556.jpg 93,64,266,354 211,123,207,115,203,115,174,123,177,123,133,170,185,170,170,229,262,196,237,215,318,170,129,311,170,314,141,414,207,414,133,414,226,414,
hjw557.jpg 178,37,246,328 225,91,229,81,222,84,249,74,253,74,266,101,280,98,290,142,280,142,287,187,260,166,304,190,335,183,260,272,331,272,273,351,369,324,
hjw558.jpg 87,82,377,454 285,200,291,190,275,190,291,186,249,190,301,228,217,219,354,233,170,233,416,223,113,223,249,337,207,332,228,427,207,417,170,479,144,465,
hjw565.jpg 160,29,351,451 408,127,423,118,408,118,462,137,398,127,476,184,384,160,423,202,325,137,364,127,291,75,442,348,364,339,389,357,296,343,306,475,199,456,
hjw566.jpg 173,35,332,444 279,95,288,81,269,81,320,67,325,67,325,136,348,99,315,243,320,215,256,321,292,233,343,275,366,261,343,386,357,381,362,474,348,474,
hjw567.jpg 16,0,445,360 349,172,349,172,349,172,380,165,368,165,368,105,349,112,386,206,355,232,417,285,386,330,257,60,226,33,386,191,139,142,34,228,34,225,
hjw568.jpg 132,40,328,438 300,90,296,81,291,81,259,90,259,90,223,131,250,135,255,208,245,236,300,204,286,277,218,281,250,281,309,309,373,332,282,405,378,446,
hjw569.jpg 235,173,172,230 366,211,371,208,371,206,364,189,366,189,342,180,335,177,335,237,340,242,366,276,366,280,280,237,270,237,297,311,287,311,292,379,289,383,
hjw572.jpg 20,97,276,368 227,169,230,158,227,158,165,143,196,150,123,204,177,223,154,304,165,350,223,307,219,346,104,380,142,403,135,461,158,461,131,445,154,457,
hjw574.jpg 55,0,570,480 553,225,561,220,561,210,545,180,537,180,490,165,482,190,490,260,490,300,561,275,569,290,332,160,324,175,197,230,197,225,70,220,62,240,
hjw575.jpg 199,124,197,262 352,268,346,268,352,268,333,249,330,252,286,203,324,222,245,339,382,249,352,336,374,306,215,230,297,189,248,339,250,317,357,334,346,312,
hjw576.jpg 140,8,317,422 386,148,390,148,390,139,360,104,382,131,320,117,320,131,346,214,311,223,408,254,360,201,214,232,201,232,214,342,346,245,140,311,294,337,
hjw577.jpg 346,34,268,358 383,112,375,97,372,108,383,71,386,71,416,82,435,75,450,175,480,153,401,235,457,268,561,119,554,123,457,220,483,224,498,350,465,280,
hjw578.jpg 102,85,274,364 254,153,258,145,250,141,208,130,223,138,170,183,193,194,204,251,246,293,258,244,318,301,124,335,143,354,143,445,147,445,162,445,185,358,
hjw579.jpg 36,124,290,356 116,220,120,216,116,216,136,205,148,194,156,238,201,209,116,309,120,298,68,335,72,327,253,335,289,324,225,439,261,431,225,476,257,476,
hjw580.jpg 21,0,506,480 133,95,126,85,112,85,126,85,77,90,112,150,56,160,126,210,35,260,168,200,112,225,196,280,147,305,316,325,295,345,456,390,449,415,
hjw581.jpg 36,172,212,284 127,222,127,213,124,213,109,225,109,225,121,272,80,272,156,257,65,322,197,219,106,287,109,385,80,385,91,432,80,450,44,441,53,450,
hjw582.jpg 393,169,222,296 516,221,522,215,516,215,534,224,534,224,565,273,522,267,574,320,482,255,534,283,448,218,565,387,537,387,565,461,562,461,590,461,568,461,
hjw583.jpg 188,65,290,388 345,89,345,85,345,85,308,89,341,85,292,133,333,133,328,202,345,210,361,222,365,263,300,259,328,254,324,339,361,339,316,412,324,420,
hjw584.jpg 180,83,270,361 303,90,303,83,307,86,311,86,345,86,318,131,363,131,307,210,348,203,288,263,288,255,318,259,348,259,292,342,326,342,333,428,333,417,
hjw585.jpg 243,142,216,288 342,169,345,163,333,163,354,166,327,169,348,196,321,202,360,220,318,253,396,208,321,292,336,271,318,271,357,331,339,340,348,361,309,409,
hjw586.jpg 197,143,214,286 315,166,321,163,309,163,327,166,301,166,333,199,309,193,336,253,295,220,333,288,259,208,339,271,318,271,318,339,298,330,345,411,306,363,
hjw587.jpg 57,0,591,309 155,90,155,83,147,83,89,103,89,96,106,141,98,144,196,35,196,61,81,74,81,77,278,238,278,199,467,74,467,90,631,202,631,218,
hjw588.jpg 50,0,602,309 551,90,560,90,643,77,643,93,635,93,601,141,585,135,518,61,509,28,626,67,610,61,434,215,426,180,233,93,250,80,91,212,75,202,
hjw589.jpg 82,59,260,347 168,131,161,124,154,127,139,149,139,145,139,203,157,174,248,207,212,124,280,149,244,80,179,359,212,344,183,402,237,402,172,402,215,398,
hjw590.jpg 374,75,262,349 548,129,563,125,559,125,581,147,581,147,563,176,574,194,512,125,472,205,475,85,439,147,508,344,541,347,483,420,490,416,512,413,534,409,
hjw593.jpg 287,21,298,397 357,227,349,219,349,227,353,194,299,178,407,190,324,149,444,298,340,248,456,393,357,335,527,83,436,58,477,244,407,227,498,380,436,343,
hjw594.jpg 110,9,377,471 256,97,251,82,240,82,193,92,193,92,188,156,188,175,251,234,288,273,340,244,418,303,188,386,193,391,356,357,397,357,455,475,445,475,
hjw595.jpg 241,13,326,436 494,221,503,221,503,221,548,176,494,194,521,153,440,176,508,249,399,299,494,330,390,394,394,81,322,81,426,221,376,244,413,344,345,380,
hjw596.jpg 380,16,363,464 591,93,606,83,591,83,652,88,652,93,657,180,652,161,556,277,591,233,430,301,506,248,657,383,662,373,637,475,642,475,616,455,722,209,
hjw597.jpg 417,55,239,318 526,94,529,88,519,91,546,74,513,88,579,94,516,121,629,124,480,151,622,144,443,127,606,197,569,210,556,230,592,293,569,333,619,369,
hjw599.jpg 240,53,441,427 552,351,552,346,558,346,558,324,564,328,491,279,497,302,558,333,583,408,534,306,674,404,301,284,289,324,423,368,442,382,258,333,282,391,
hjw600.jpg 195,50,250,333 326,98,330,91,323,88,337,88,306,74,333,122,274,95,375,154,222,126,410,126,236,147,285,213,247,199,264,285,295,233,233,376,285,334,
hjw602.jpg 132,3,524,477 313,350,299,350,306,350,292,325,299,311,357,301,357,276,270,410,379,355,168,405,321,360,554,340,546,286,415,385,408,355,568,390,568,375,
hjw603.jpg 510,179,334,446 593,285,584,271,579,281,607,220,607,225,681,267,663,244,746,350,672,336,644,378,653,360,755,457,732,457,732,620,695,587,751,620,839,513,
hjw604.jpg 254,117,384,513 456,218,467,207,456,207,414,202,414,207,451,239,398,255,526,223,472,245,504,165,478,165,472,421,424,432,494,523,403,555,483,619,355,624,
hjw605.jpg 251,156,244,326 366,213,369,206,362,206,389,203,389,203,410,244,396,237,389,312,366,288,342,349,318,312,413,335,406,329,345,400,345,397,393,461,393,461,
hjw606.jpg 61,171,351,468 368,288,377,283,377,273,338,214,363,239,295,249,270,263,241,341,212,346,309,356,309,380,212,448,212,463,270,580,241,609,178,604,178,604,
hjw607.jpg 335,135,362,484 490,215,500,210,490,205,546,205,490,195,561,256,495,235,490,240,430,225,480,165,455,170,531,427,490,422,551,553,465,523,596,613,475,613,
hjw608.jpg 463,155,250,335 594,214,594,207,588,207,567,203,570,203,560,235,549,242,591,284,567,308,640,312,615,350,560,332,546,343,612,395,615,395,574,458,563,462,
hjw609.jpg 386,54,298,397 526,153,530,149,522,144,543,153,522,149,547,178,518,173,563,136,506,132,568,95,497,99,535,269,510,269,530,339,514,339,522,409,514,401,
hjw610.jpg 595,58,294,392 746,151,746,147,742,147,750,147,725,151,754,168,725,176,766,135,709,135,774,98,701,98,758,270,733,270,758,339,742,339,758,405,746,409,
hjw611.jpg 855,427,126,168 888,442,891,439,890,437,902,441,902,441,914,462,900,462,940,486,911,488,944,509,944,511,918,519,907,518,909,570,907,570,918,593,921,593,
hjw612.jpg 468,0,567,720 649,142,641,120,641,127,664,112,751,82,680,180,838,150,586,352,775,307,507,435,696,427,877,405,1003,397,720,615,814,592,901,712,940,712,
hjw613.jpg 268,150,431,570 573,292,585,280,585,274,567,221,573,215,399,250,441,239,399,446,465,322,477,595,591,411,345,559,399,571,387,714,471,714,357,714,357,708,
hjw614.jpg 633,171,212,282 653,209,656,203,653,203,668,203,671,203,691,229,686,235,736,238,724,297,733,291,697,326,721,317,727,317,677,356,756,359,674,423,836,373,
hjw615.jpg 541,8,378,504 756,97,756,86,751,86,745,86,730,86,740,123,714,118,740,71,740,65,745,39,761,13,730,228,714,218,714,312,714,312,730,401,714,407,
hjw616.jpg 474,20,448,599 554,157,554,138,548,144,592,132,598,126,642,175,679,151,617,313,660,307,530,325,592,325,859,232,890,219,685,356,772,406,760,550,878,537,
hjw617.jpg 284,22,569,698 615,269,631,254,631,247,544,174,600,211,442,225,568,276,568,392,718,414,718,378,773,356,315,567,394,610,608,421,663,472,410,654,481,676,
hjw618.jpg 261,0,786,720 348,292,326,270,326,285,337,240,348,225,392,232,457,225,413,390,512,345,435,517,533,450,621,217,654,172,785,367,795,345,981,480,970,472,
hjw619.jpg 441,31,500,667 586,107,600,93,593,93,628,107,628,100,656,163,642,163,739,211,642,274,670,274,586,260,684,343,691,343,566,475,704,510,677,579,809,642,
hjw620.jpg 164,23,498,664 343,161,336,147,336,154,364,119,357,126,419,112,440,126,316,92,330,71,212,43,613,265,572,292,572,299,572,472,572,465,544,645,551,645,
hjw621.jpg 343,16,506,676 567,72,581,58,574,58,610,72,624,72,610,135,638,135,525,206,546,213,532,135,567,142,638,332,659,325,603,501,624,494,617,656,659,635,
hjw622.jpg 688,0,265,331 842,65,853,58,842,55,886,65,883,65,894,131,872,117,894,213,846,189,838,268,780,199,894,265,872,255,768,241,757,234,691,289,699,272,
hjw623.jpg 671,125,280,374 807,152,814,148,822,148,814,160,838,167,807,206,838,202,791,273,795,273,776,327,776,331,814,308,834,308,772,389,811,382,799,479,842,444,
hjw624.jpg 111,47,338,452 298,108,294,98,289,98,261,98,265,98,218,131,247,141,261,207,251,221,322,230,317,211,204,282,242,287,223,395,261,390,218,484,251,489,
hjw625.jpg 553,41,478,639 765,214,765,220,752,227,738,254,752,254,811,260,772,260,798,187,785,187,785,120,785,114,818,427,778,427,845,540,831,546,772,620,772,626,
hjw626.jpg 225,61,517,659 612,266,619,253,605,253,540,218,540,232,426,212,440,363,433,356,512,514,540,417,655,520,382,493,339,555,461,541,505,699,483,575,253,610,
hjw627.jpg 484,266,400,454 767,549,778,549,772,540,772,507,756,516,756,478,722,497,789,563,745,582,822,630,772,649,645,398,628,417,589,526,595,535,556,606,517,587,
hjw628.jpg 96,0,789,720 632,135,654,112,643,112,709,127,720,127,742,255,720,232,676,427,709,382,534,397,545,397,742,540,698,510,479,570,545,337,238,622,545,585,
hjw629.jpg 296,180,286,383 490,231,498,223,482,219,458,223,458,215,470,259,411,251,502,291,403,315,526,347,439,371,391,343,343,343,442,407,375,431,446,499,351,527,
hjw630.jpg 376,0,678,720 385,225,404,217,376,217,441,240,470,232,479,307,507,285,498,457,507,450,489,600,498,592,658,465,696,480,470,427,809,600,526,615,1025,555,
hjw632.jpg 252,77,452,602 289,271,283,265,277,265,308,246,308,214,434,202,346,283,547,221,346,378,616,290,327,428,565,327,509,334,490,465,427,453,666,534,534,547,
hjw633.jpg 71,63,554,657 440,329,448,309,440,309,378,268,378,282,324,247,271,350,424,377,294,555,540,473,424,665,194,507,186,555,440,459,401,473,140,562,340,658,
hjw634.jpg 0,0,772,720 343,105,343,75,310,82,353,22,214,75,160,52,193,187,268,165,386,330,471,165,621,352,117,360,96,420,353,375,353,375,117,525,343,502,
hjw635.jpg 386,0,799,720 996,345,1029,345,996,330,1062,360,985,337,1040,450,940,390,1007,532,829,382,885,502,852,540,785,502,752,450,652,322,718,270,530,540,563,247,
hjw636.jpg 781,146,366,489 862,217,862,202,852,207,887,171,892,166,933,222,958,171,928,344,1035,212,887,421,984,303,1035,319,1065,303,969,456,1035,441,948,604,1025,558,
hjw638.jpg 408,66,370,495 736,138,742,127,731,127,695,112,695,112,644,143,639,158,675,246,649,282,695,334,700,375,526,287,515,287,536,396,608,406,485,499,546,530,
hjw639.jpg 473,231,428,489 514,460,514,444,508,450,538,419,538,419,609,444,580,455,597,551,574,546,591,638,574,613,764,465,734,480,782,618,734,607,889,613,835,602,
hjw640.jpg 908,120,372,585 1094,199,1109,187,1099,187,1135,205,1130,199,1161,266,1099,241,1161,369,1037,260,1130,442,1006,235,1150,418,1094,412,1161,564,1119,558,1192,686,1150,680,
hjw641.jpg 585,0,585,720 780,75,788,52,796,60,804,75,934,52,910,232,975,225,999,487,861,472,788,577,690,427,1031,712,1040,712,706,607,836,547,706,600,1048,697,
hjw642.jpg 24,117,349,464 193,204,198,184,198,189,222,179,280,194,261,295,309,291,309,460,203,431,154,532,82,349,246,576,256,576,24,576,24,571,145,561,280,566,
hjw643.jpg 179,20,602,700 588,297,571,275,555,289,429,311,446,318,371,362,354,421,480,297,287,603,655,311,597,486,245,712,245,712,705,603,638,712,471,683,438,698,
hjw644.jpg 199,28,523,692 511,229,525,208,496,208,424,193,431,201,373,229,424,273,300,366,591,402,424,510,714,366,293,453,264,503,460,366,475,446,424,510,344,575,
hjw645.jpg 170,63,674,657 815,459,834,453,825,446,787,418,787,418,722,425,731,425,703,548,703,562,694,678,684,678,535,391,535,398,404,487,413,480,244,555,216,542,
hjw647.jpg 424,0,775,720 994,135,1016,120,994,120,1059,120,1069,120,1091,225,1102,210,994,375,1005,322,843,352,865,330,994,442,1005,427,757,405,779,382,553,517,596,502,
hjw648.jpg 405,146,374,498 695,208,706,208,701,197,680,171,685,182,633,171,623,208,617,223,592,296,628,239,638,358,545,306,519,306,560,436,519,446,555,566,493,586,
hjw649.jpg 742,70,533,650 867,334,860,320,860,327,838,361,838,361,927,367,853,435,978,320,897,347,964,246,867,239,1045,530,993,577,1171,469,1038,557,1215,645,1097,713,
hjw650.jpg 723,80,346,460 944,218,944,209,944,209,972,214,977,209,996,257,982,247,924,310,915,290,838,314,843,300,1020,381,1001,362,924,329,886,324,838,439,828,415,
hjw651.jpg 467,40,630,680 572,323,572,302,563,302,642,287,650,287,790,337,712,280,747,542,659,457,580,670,545,599,992,500,843,486,817,712,712,514,1018,599,834,578,
hjw652.jpg 266,88,434,578 567,136,567,124,555,124,531,130,519,130,555,190,489,190,549,256,416,238,573,250,470,298,507,358,483,358,446,455,525,485,332,515,561,617,
hjw653.jpg 515,137,358,478 684,191,684,171,669,171,634,201,639,191,624,251,639,251,689,281,684,301,733,266,788,281,634,455,639,465,649,605,654,605,515,570,515,570,
hjw654.jpg 250,74,468,625 484,152,477,139,477,139,373,178,464,145,354,275,477,210,490,360,653,282,581,262,646,230,360,601,471,614,315,692,516,692,516,666,516,692,
hjw655.jpg 464,90,409,544 583,271,583,260,571,260,628,237,628,231,674,288,657,243,600,430,600,305,498,447,543,328,759,447,736,401,611,350,600,311,657,520,611,469,
hjw656.jpg 405,229,457,491 512,530,512,515,493,525,544,459,449,489,652,413,525,392,671,581,538,612,627,714,544,714,760,489,646,489,773,694,595,679,785,714,716,566,
hjw657.jpg 300,427,124,166 391,442,391,439,387,439,375,440,377,440,379,461,365,461,374,487,337,487,341,510,336,508,370,518,360,520,375,572,368,568,360,591,360,591,
hjw658.jpg 287,0,540,707 632,139,639,125,632,125,527,88,609,110,437,147,594,169,512,324,699,353,587,434,774,434,287,390,392,405,459,589,564,611,437,699,602,139,
hjw659.jpg 578,130,439,584 706,294,687,276,687,282,706,221,712,215,827,245,773,300,815,324,864,440,693,403,815,568,882,555,913,543,803,707,901,707,870,707,888,707,
hjw660.jpg 430,164,218,290 626,209,626,203,623,203,605,206,608,203,593,230,587,227,560,281,542,239,578,321,548,287,548,315,560,315,508,354,602,354,442,378,605,426,
hjw661.jpg 377,9,376,501 523,97,528,87,523,87,544,87,544,87,565,118,544,129,533,66,538,71,518,14,523,29,559,222,575,228,559,311,565,311,559,405,565,400,
hjw662.jpg 356,12,452,603 720,156,726,143,720,137,682,125,688,125,588,143,638,169,619,313,657,313,726,319,751,319,381,244,425,231,500,401,588,357,393,558,512,552,
hjw663.jpg 427,31,559,689 659,267,644,246,644,253,667,217,737,167,714,267,830,231,558,411,683,368,504,353,551,375,885,626,970,569,605,461,667,411,815,669,892,655,
hjw664.jpg 232,0,743,720 933,292,964,285,954,277,933,210,944,240,840,210,892,232,758,345,861,390,747,450,840,510,634,180,655,232,479,345,500,367,293,472,304,487,
hjw665.jpg 341,31,498,664 693,107,686,93,679,93,631,107,645,107,631,169,624,162,631,266,541,210,693,259,610,273,583,349,596,356,576,508,714,473,465,639,596,584,
hjw666.jpg 626,0,528,705 941,161,941,154,941,146,919,110,912,110,853,168,853,124,934,117,963,95,655,286,1058,44,714,301,706,293,714,477,706,484,736,646,736,646,
hjw667.jpg 432,24,498,665 708,72,701,58,701,58,660,72,667,72,639,127,667,141,729,217,757,204,729,141,750,134,618,328,639,335,653,488,681,495,625,633,660,661,
hjw668.jpg 314,0,368,405 436,63,431,54,426,59,431,59,390,63,400,122,380,130,436,189,385,210,498,198,436,270,411,253,385,270,528,232,508,240,615,282,620,291,
hjw669.jpg 343,132,274,366 468,147,464,135,464,132,438,166,468,154,438,204,468,204,483,273,483,273,491,326,506,326,449,307,464,311,468,383,506,391,430,452,480,482,
hjw670.jpg 833,46,338,451 978,107,987,97,983,97,1011,97,1016,97,1030,139,1058,130,1025,219,1011,201,959,210,955,233,1030,290,1063,285,1016,398,1053,393,1030,492,1058,487,
hjw671.jpg 254,56,464,619 505,217,524,223,505,210,531,255,479,204,498,255,473,255,492,178,479,184,492,107,492,114,498,423,460,423,447,546,434,546,505,629,498,629,
hjw672.jpg 564,78,491,642 666,265,673,251,659,251,734,231,734,225,850,345,850,205,768,512,836,365,625,519,734,419,966,546,1000,485,768,693,809,552,1020,613,795,586,
hjw673.jpg 402,255,391,465 510,545,510,535,510,545,521,516,516,516,554,497,526,482,532,579,488,560,505,647,456,632,657,419,640,400,678,535,689,521,760,589,722,608,
hjw674.jpg 414,0,748,720 642,135,642,112,632,112,559,127,559,127,559,240,538,255,465,390,601,435,414,525,736,397,569,495,528,540,725,345,777,577,736,585,1026,630,
hjw675.jpg 696,172,290,386 788,232,796,220,780,220,820,216,812,220,865,248,812,256,877,308,772,292,841,369,752,344,933,336,897,336,905,429,836,405,929,529,836,493,
hjw676.jpg 148,0,756,720 883,225,893,217,872,217,809,232,841,240,767,292,799,307,778,450,778,465,778,592,778,600,589,450,610,465,463,600,809,427,253,555,757,615,
hjw678.jpg 571,71,470,626 982,273,995,266,995,266,962,220,975,234,930,279,845,201,930,370,727,220,949,429,655,292,779,331,714,318,851,455,786,468,740,540,603,540,
hjw679.jpg 622,42,583,678 832,324,840,310,824,310,897,275,905,260,1002,345,953,246,986,550,856,381,856,663,735,472,1075,557,1043,472,848,571,840,451,1010,698,1067,543,
hjw680.jpg 499,0,776,720 930,105,962,82,930,75,1059,75,930,30,1070,195,1102,60,887,345,994,165,649,352,811,157,1167,420,1210,367,908,367,951,352,1145,525,1156,540,
hjw682.jpg 128,144,364,486 416,214,426,209,416,204,390,169,385,169,320,174,345,225,244,209,350,346,289,290,390,422,213,306,249,321,244,442,315,462,254,559,330,609,
hjw684.jpg 505,72,364,486 545,142,545,127,535,132,580,112,580,112,641,153,631,147,626,284,606,249,575,375,580,330,757,289,757,284,671,406,737,396,727,537,788,497,
hjw685.jpg 363,214,450,506 763,456,769,451,769,445,738,419,738,419,694,445,669,445,700,540,675,551,706,609,688,635,550,482,519,467,544,609,500,614,413,609,388,609,
hjw686.jpg 0,107,384,615 181,196,176,190,170,190,138,203,138,203,176,247,117,267,240,260,117,369,298,209,149,446,181,414,133,427,160,561,112,568,122,683,80,689,
hjw687.jpg 117,0,600,720 492,90,492,60,492,60,358,67,475,75,317,225,358,247,408,480,275,502,600,420,500,585,242,705,283,712,300,495,317,502,483,52,467,45,
hjw688.jpg 904,110,354,472 1085,188,1085,173,1081,178,997,188,1056,178,972,287,1017,296,1085,419,963,464,1199,350,1120,532,977,577,1036,577,1253,577,1253,577,1140,567,1071,173,
hjw689.jpg 503,2,626,718 685,301,720,286,694,278,824,316,824,316,920,420,920,375,981,607,798,286,685,488,633,316,1059,712,1085,712,607,682,789,495,911,712,763,682,
hjw690.jpg 562,27,532,693 768,229,783,207,754,207,850,200,850,193,850,279,901,221,680,395,946,366,562,366,731,236,1012,496,975,452,805,445,791,366,931,568,857,510,
hjw691.jpg 446,57,682,663 464,464,455,450,446,457,493,423,483,416,550,429,540,423,578,568,474,409,588,678,588,657,749,395,749,395,881,485,891,485,1071,547,1033,568,
hjw693.jpg 116,0,681,720 286,135,286,112,267,112,229,120,220,120,201,217,182,225,305,322,286,367,437,330,437,345,305,405,276,435,513,397,532,412,721,517,721,517,
hjw694.jpg 503,140,370,494 585,212,580,201,580,206,595,181,595,170,657,212,641,176,682,299,641,217,641,356,646,237,759,309,729,309,759,448,723,433,790,582,723,567,
hjw695.jpg 16,61,535,659 409,328,417,328,417,328,439,363,446,363,424,438,357,363,387,349,305,321,409,246,313,246,283,568,238,534,238,555,105,472,179,713,60,644,
hjw696.jpg 217,85,337,448 338,220,334,211,334,211,301,211,301,215,305,248,282,257,362,290,352,313,432,299,436,313,268,374,254,379,394,332,352,327,455,416,436,439,
hjw697.jpg 188,58,629,662 703,320,712,306,703,306,642,271,633,292,546,278,485,340,616,451,537,554,738,602,694,671,432,492,292,506,537,609,458,713,450,575,292,637,
hjw698.jpg 588,90,434,579 708,138,720,126,708,126,756,132,714,132,786,186,726,192,865,240,738,258,805,301,708,252,792,355,768,355,750,482,835,457,714,614,949,518,
hjw699.jpg 398,125,362,484 594,190,609,180,594,180,644,195,639,195,644,256,639,251,594,301,594,286,488,281,553,271,649,457,639,447,619,603,624,603,734,568,744,568,
hjw700.jpg 561,80,466,621 794,151,800,138,794,138,819,144,897,183,806,202,923,280,632,280,781,358,632,222,709,280,806,623,910,616,761,688,774,688,774,668,761,668,
hjw701.jpg 437,114,388,516 695,269,706,264,695,259,652,232,652,237,631,264,604,286,706,318,679,425,738,329,781,441,534,420,517,447,684,302,647,366,668,463,625,522,
hjw702.jpg 437,245,422,475 765,531,776,522,765,517,812,497,735,457,765,403,624,418,735,591,606,581,741,715,659,715,648,517,519,482,683,680,507,695,694,715,489,710,
hjw703.jpg 558,55,628,836 741,203,749,176,732,185,784,150,802,142,872,272,889,194,793,542,837,394,680,673,802,429,1037,507,985,499,933,734,898,699,1098,638,1098,638,
hjw704.jpg 320,175,464,619 474,194,481,175,474,181,532,181,532,181,552,278,526,271,436,323,448,297,320,336,326,297,622,497,577,497,584,677,545,645,719,787,629,774,
hjw705.jpg 227,0,735,958 696,199,706,179,696,179,635,129,655,149,533,189,563,289,543,389,635,518,625,439,768,668,472,518,420,538,655,618,512,758,625,718,339,648,
hjw706.jpg 664,157,474,633 966,196,966,176,953,176,907,183,907,176,920,275,894,275,1012,302,1012,321,1111,295,1131,341,861,499,822,499,887,644,854,671,802,776,723,783,
hjw707.jpg 1283,374,585,706 1738,682,1746,668,1746,653,1713,631,1713,631,1567,638,1632,660,1502,785,1559,822,1461,910,1510,954,1356,513,1404,535,1372,778,1380,785,1404,991,1413,991,
hjw708.jpg 467,0,810,1076 894,246,928,212,905,201,1063,201,1063,212,1142,493,1018,336,1029,896,883,470,917,627,860,582,962,986,894,795,500,941,545,818,883,1064,512,1064,
hjw709.jpg 307,100,590,786 602,181,618,165,585,165,651,173,585,173,683,239,618,255,700,386,602,337,634,476,610,435,741,443,700,435,675,648,675,648,659,853,741,828,
hjw710.jpg 621,159,1006,921 760,897,746,888,746,897,760,820,746,820,900,705,816,763,1137,792,746,648,1082,984,760,878,1193,744,1054,763,1361,744,1277,725,1543,696,1431,677,
hjw711.jpg 667,269,460,613 928,300,935,288,928,288,967,307,960,300,973,377,928,364,922,460,852,339,839,498,769,275,1005,537,973,543,897,581,941,677,941,696,954,830,
hjw712.jpg 693,22,338,451 932,87,937,78,932,73,904,59,904,54,899,144,843,87,890,219,810,172,899,275,852,242,866,256,819,247,871,383,805,379,871,468,791,468,
hjw713.jpg 602,108,722,964 963,328,973,318,952,318,1013,328,952,318,1033,409,952,389,1023,268,942,278,1023,168,1003,168,942,620,872,620,973,810,892,800,1053,991,932,951,
hjw714.jpg 330,40,602,804 731,140,739,132,731,132,706,107,714,115,681,190,597,148,672,316,505,232,706,416,622,249,639,425,564,425,664,584,580,609,639,735,605,802,
hjw716.jpg 134,0,917,1080 579,292,592,258,554,270,605,258,477,281,630,382,414,382,643,585,325,585,656,753,248,742,567,585,465,641,821,562,719,573,656,765,859,697,
hjw718.jpg 593,0,1186,1080 1120,393,1120,371,1103,371,1218,348,1218,348,1383,405,1218,405,1334,630,1021,528,1169,787,823,596,1597,686,1433,686,1647,900,1202,843,1663,1001,1367,1035,
hjw719.jpg 724,47,676,900 1099,347,1108,328,1080,328,1118,328,1015,328,1090,459,939,431,1193,572,808,562,1315,609,902,628,1005,693,921,712,1212,665,1165,693,1324,825,1268,815,
hjw720.jpg 844,0,1043,1080 930,596,916,585,916,585,930,540,930,517,1032,517,1017,450,1133,630,1148,573,1408,652,1003,663,1379,495,1293,540,1611,686,1191,731,1872,742,1437,663,
hjw721.jpg 692,120,559,744 1181,329,1196,321,1188,306,1165,251,1173,259,1087,244,1064,228,979,414,1002,360,1033,492,1072,484,823,306,777,298,924,523,893,554,730,647,785,802,
hjw722.jpg 772,189,472,629 1060,254,1080,241,1073,241,1067,241,1126,241,1086,306,1060,306,981,313,981,320,863,300,876,293,1106,490,1086,483,1021,614,1027,608,994,752,994,752,
hjw723.jpg 841,224,514,686 1126,245,1119,231,1112,238,1069,252,1076,252,1048,331,1112,302,1062,388,1205,352,1176,381,1233,381,1098,524,1083,516,1126,695,1048,702,1126,874,948,838,
hjw724.jpg 758,0,520,676 1169,232,1176,225,1176,225,1148,190,1148,197,1090,204,1046,211,1133,302,996,366,1191,380,996,499,945,316,859,309,1032,478,931,507,895,443,794,415,
hjw725.jpg 387,2,744,992 883,146,872,115,841,115,717,126,717,136,728,363,666,425,1007,694,976,704,934,580,955,539,883,983,779,983,531,983,552,983,552,839,542,818,
hjw726.jpg 365,120,722,963 806,220,796,200,796,200,726,220,756,220,736,310,726,310,736,430,635,420,836,410,715,531,675,561,726,561,635,792,866,741,525,992,816,952,
hjw727.jpg 525,137,718,958 1013,256,1013,246,1013,236,893,236,963,246,844,336,933,386,1003,496,903,616,1133,466,1043,566,694,705,664,715,774,905,644,995,794,1085,604,1085,
hjw728.jpg 847,158,652,871 1000,248,1000,230,982,239,1010,239,937,257,955,357,937,366,1136,439,1091,421,1272,366,1109,275,1073,611,1055,638,1281,756,1345,711,1408,883,1372,938,
hjw729.jpg 633,224,336,448 913,298,917,289,908,289,885,275,875,270,852,275,796,280,843,331,763,364,866,382,810,420,773,354,721,350,777,485,721,480,773,625,679,616,
hjw730.jpg 463,78,766,1021 814,386,792,375,792,375,707,460,792,407,707,567,824,545,856,407,994,418,920,194,984,290,728,1013,814,1035,909,1088,888,1088,718,1077,867,1077,
hjw731.jpg 122,458,478,622 155,652,161,639,148,645,201,632,208,632,281,658,334,639,361,827,414,788,407,963,453,911,500,535,560,516,533,788,553,781,513,995,520,989,
hjw733.jpg 995,86,604,807 1322,186,1322,170,1305,170,1322,178,1271,170,1297,245,1229,254,1322,329,1213,388,1305,439,1288,481,1204,447,1179,447,1246,649,1246,649,1179,834,1255,842,
hjw734.jpg 283,176,980,904 1140,891,1167,910,1167,891,1181,825,1154,825,1181,722,1018,712,1222,919,773,788,1140,872,841,976,881,769,759,750,609,731,528,750,446,675,378,684,
hjw735.jpg 807,254,442,589 997,303,985,290,985,290,960,309,948,309,991,358,954,376,1064,339,991,456,1144,278,1070,499,948,542,911,542,978,671,1021,579,966,836,978,701,
hjw736.jpg 899,31,318,424 987,84,987,70,987,75,1013,57,1013,57,1075,88,1018,145,1106,167,1027,216,1066,243,1022,278,1093,243,1049,256,1115,379,1049,384,1124,450,1049,450,
hjw737.jpg 613,131,686,914 956,330,956,321,936,321,965,330,898,330,965,388,889,397,975,273,889,264,927,169,898,159,1032,616,975,616,1032,787,946,806,984,949,870,987,
hjw738.jpg 976,43,602,803 1185,143,1185,126,1176,126,1201,109,1210,109,1318,143,1235,185,1419,235,1243,310,1302,243,1210,419,1352,402,1277,419,1335,603,1251,578,1318,804,1277,737,
hjw739.jpg 786,346,379,504 1012,409,1012,398,1007,393,954,382,991,388,928,414,980,419,954,519,1080,487,1038,535,1159,498,807,571,843,571,938,634,1007,603,943,797,1080,755,
hjw740.jpg 827,0,999,1080 1326,292,1368,270,1326,270,1437,281,1312,258,1506,382,1284,382,1590,573,1284,573,1659,742,1271,753,1451,630,1354,573,1215,562,1104,562,1035,708,1257,765,
hjw742.jpg 164,0,1102,1080 806,393,806,382,791,371,715,348,699,348,699,393,531,382,898,528,577,630,1082,596,745,787,454,697,317,720,715,821,301,945,623,1001,516,1035,
hjw743.jpg 517,38,686,914 812,352,831,323,812,333,907,323,802,333,974,428,821,456,1107,561,726,580,1012,628,602,609,1012,713,898,704,764,694,707,675,640,837,583,828,
hjw744.jpg 31,0,1055,1080 983,596,1012,585,998,585,983,506,983,528,895,450,866,540,748,618,792,675,910,663,910,675,631,528,543,506,705,731,294,686,485,663,31,742,
hjw745.jpg 646,150,562,749 739,329,724,313,724,321,747,267,747,267,848,228,833,235,919,352,942,407,864,430,887,493,1137,306,1098,313,1020,555,981,524,1137,813,1137,696,
hjw746.jpg 693,175,476,635 864,254,851,221,851,221,785,234,851,234,798,294,845,307,924,320,937,320,1030,307,1030,300,825,492,812,485,904,604,897,618,917,737,924,750,
hjw747.jpg 568,217,530,707 796,246,810,231,803,231,833,253,847,253,803,298,869,320,722,349,869,349,685,386,855,298,840,511,818,518,869,703,796,695,965,835,796,865,
hjw748.jpg 645,0,500,658 749,233,742,219,742,226,770,198,776,185,874,212,832,185,922,363,790,294,915,500,728,383,1054,308,971,315,985,507,895,466,1138,404,1026,370,
hjw749.jpg 804,0,738,984 1039,153,1070,112,1039,112,1203,143,1203,143,1265,430,1193,369,937,717,1039,553,947,543,968,574,1132,973,1050,973,1378,902,1378,861,1378,809,1357,840,
hjw750.jpg 866,136,694,925 1116,213,1126,203,1116,203,1164,213,1174,213,1193,309,1174,299,1280,425,1174,415,1203,531,1087,396,1193,569,1241,569,1058,743,1290,791,1097,964,1386,1003,
hjw751.jpg 683,138,712,951 900,256,910,237,900,237,950,246,1019,237,989,385,1058,346,1019,613,910,504,870,563,781,464,1256,712,1236,692,1266,970,1147,900,1335,1079,1128,1079,
hjw752.jpg 408,148,664,887 915,249,933,231,915,231,961,258,989,258,961,378,989,369,832,415,767,434,813,277,638,360,850,637,859,637,574,711,638,748,555,933,509,887,
hjw753.jpg 945,220,340,453 1006,300,1020,290,1001,295,1044,271,1034,271,1119,281,1072,271,1152,371,1081,333,1110,418,1048,380,1200,347,1148,366,1200,479,1143,488,1237,611,1143,625,
hjw754.jpg 734,104,738,984 1113,380,1123,360,1123,360,1133,411,1226,452,1082,524,1226,555,918,411,1051,391,939,278,990,196,1113,1006,1205,975,1051,1077,1205,1067,1031,1077,1226,1006,
